0 0.207682 0.537037 0.100260 0.134259
0 0.949870 0.275463 0.100260 0.134259
0 0.840495 0.143519 0.100260 0.134259
0 0.714193 0.462963 0.100260 0.134259
0 0.620443 0.143519 0.100260 0.134259
0 0.455078 0.405093 0.100260 0.134259
0 0.399089 0.479167 0.100260 0.134259
0 0.636068 0.574074 0.100260 0.134259
0 0.186849 0.314815 0.100260 0.134259
0 0.428385 0.269676 0.093750 0.108796
0 0.398438 0.100694 0.093750 0.108796
0 0.454427 0.195602 0.093750 0.108796
0 0.343750 0.054398 0.093750 0.104167
0 0.197917 0.068287 0.093750 0.108796
0 0.425781 0.265046 0.093750 0.108796
0 0.423177 0.260417 0.093750 0.108796
0 0.420573 0.255787 0.093750 0.108796
0 0.268880 0.760417 0.121094 0.164352
0 0.603516 0.849537 0.097656 0.138889
0 0.029297 0.410880 0.055990 0.118056
0 0.048828 0.787037 0.095052 0.138889
0 0.638672 0.710648 0.097656 0.138889
0 0.930339 0.930556 0.097656 0.138889
0 0.095703 0.460648 0.097656 0.138889
0 0.818359 0.456019 0.097656 0.138889
0 0.951172 0.069444 0.097656 0.134259
