0 0.044271 0.494213 0.083333 0.178241
0 0.842448 0.487269 0.088542 0.173611
0 0.704427 0.413194 0.083333 0.178241
0 0.401042 0.055556 0.153646 0.106481
0 0.174479 0.082176 0.138021 0.159722
0 0.506510 0.332176 0.083333 0.178241
0 0.075521 0.621528 0.083333 0.178241
0 0.315104 0.640046 0.083333 0.178241
0 0.357422 0.406250 0.084635 0.178241
0 0.950521 0.109954 0.098958 0.192130
0 0.736979 0.908565 0.088542 0.173611
0 0.876302 0.697917 0.088542 0.173611
0 0.955078 0.804398 0.089844 0.173611
0 0.757812 0.087963 0.088542 0.171296
0 0.971354 0.578704 0.057292 0.157407
0 0.191406 0.910880 0.083333 0.178241
