0 0.126953 0.452546 0.074219 0.122685
0 0.796224 0.809028 0.074219 0.122685
0 0.735026 0.663194 0.074219 0.122685
0 0.146484 0.802083 0.074219 0.122685
0 0.037760 0.665509 0.072917 0.122685
0 0.314453 0.570602 0.074219 0.122685
0 0.037760 0.769676 0.072917 0.122685
0 0.560547 0.771991 0.066406 0.099537
0 0.916016 0.947917 0.066406 0.099537
0 0.871745 0.915509 0.066406 0.099537
0 0.567057 0.866898 0.066406 0.099537
0 0.177734 0.677083 0.066406 0.099537
0 0.650391 0.385417 0.066406 0.099537
0 0.938151 0.334491 0.066406 0.099537
0 0.421224 0.642361 0.066406 0.099537
0 0.457682 0.122685 0.045573 0.069444
0 0.315755 0.093750 0.066406 0.099537
0 0.069661 0.292824 0.066406 0.099537
0 0.033854 0.050926 0.065104 0.097222
0 0.356120 0.306713 0.066406 0.099537
0 0.612630 0.946759 0.058594 0.078704
0 0.554036 0.306713 0.066406 0.099537
0 0.163411 0.050926 0.066406 0.097222
0 0.225911 0.105324 0.066406 0.099537
0 0.807943 0.306713 0.074219 0.122685
0 0.425130 0.718750 0.074219 0.122685
0 0.617188 0.133102 0.054688 0.094907
0 0.598307 0.060185 0.045573 0.069444
0 0.543620 0.062500 0.045573 0.069444
0 0.414714 0.129630 0.045573 0.069444
0 0.485026 0.048611 0.045573 0.069444
0 0.365234 0.178241 0.045573 0.069444
0 0.716797 0.041667 0.045573 0.069444
0 0.723307 0.160880 0.053385 0.090278
0 0.649089 0.034722 0.045573 0.064815
0 0.796224 0.133102 0.045573 0.071759
0 0.832682 0.171296 0.045573 0.069444
0 0.406901 0.328704 0.045573 0.069444
