0 0.055339 0.752315 0.108073 0.125000
0 0.393880 0.712963 0.108073 0.125000
0 0.547526 0.766204 0.108073 0.125000
0 0.341797 0.321759 0.108073 0.125000
0 0.312500 0.594907 0.085938 0.120370
0 0.115234 0.449074 0.108073 0.125000
0 0.913411 0.321759 0.108073 0.125000
0 0.754557 0.671296 0.108073 0.125000
0 0.772786 0.803241 0.108073 0.125000
0 0.850911 0.893519 0.108073 0.125000
0 0.608073 0.129630 0.085938 0.120370
0 0.083333 0.270833 0.085938 0.120370
0 0.236979 0.921296 0.085938 0.120370
0 0.170573 0.680556 0.085938 0.120370
0 0.572917 0.877315 0.085938 0.120370
0 0.901042 0.129630 0.085938 0.120370
0 0.644531 0.576389 0.085938 0.120370
0 0.447266 0.128472 0.045573 0.081019
0 0.569010 0.310185 0.085938 0.120370
0 0.167318 0.040509 0.045573 0.076389
0 0.033203 0.048611 0.058594 0.092593
0 0.322266 0.086806 0.045573 0.081019
0 0.554036 0.061343 0.045573 0.081019
0 0.231120 0.119213 0.045573 0.081019
0 0.328776 0.195602 0.045573 0.081019
0 0.744141 0.042824 0.045573 0.081019
0 0.652995 0.045139 0.045573 0.081019
0 0.736328 0.163194 0.089844 0.090278
0 0.468099 0.285880 0.045573 0.081019
0 0.488932 0.049769 0.045573 0.081019
0 0.409505 0.140046 0.045573 0.081019
0 0.362630 0.174769 0.045573 0.081019
