0 0.267578 0.665509 0.113281 0.178241
0 0.516276 0.197917 0.113281 0.178241
0 0.447266 0.799769 0.113281 0.178241
0 0.228516 0.090278 0.113281 0.175926
0 0.266276 0.218750 0.113281 0.178241
0 0.130859 0.524306 0.113281 0.178241
0 0.630859 0.246528 0.113281 0.178241
0 0.432292 0.061343 0.122396 0.118056
0 0.888672 0.509259 0.102865 0.143519
0 0.839844 0.604167 0.096354 0.166667
0 0.764323 0.122685 0.096354 0.166667
0 0.921875 0.363426 0.096354 0.166667
0 0.515625 0.312500 0.096354 0.166667
0 0.048177 0.368056 0.093750 0.166667
