0 0.741536 0.481481 0.087240 0.194444
0 0.626953 0.106481 0.087240 0.194444
0 0.702474 0.671296 0.087240 0.194444
0 0.100260 0.940972 0.080729 0.118056
0 0.212891 0.324074 0.087240 0.194444
0 0.287109 0.273148 0.087240 0.194444
0 0.488932 0.590278 0.089844 0.106481
0 0.835938 0.855324 0.088542 0.136574
0 0.956380 0.340278 0.087240 0.194444
0 0.313151 0.048611 0.102865 0.092593
0 0.244792 0.776620 0.096354 0.168981
0 0.113281 0.410880 0.096354 0.168981
0 0.231771 0.915509 0.096354 0.168981
0 0.055339 0.848380 0.063802 0.122685
0 0.207682 0.464120 0.063802 0.108796
0 0.648438 0.457176 0.096354 0.168981
0 0.514323 0.229167 0.085938 0.152778
0 0.436198 0.892361 0.096354 0.168981
0 0.166016 0.151620 0.053385 0.104167
0 0.689453 0.135417 0.053385 0.118056
0 0.770833 0.165509 0.054688 0.155093
0 0.826172 0.951389 0.069010 0.092593
0 0.055339 0.422454 0.071615 0.136574
