0 0.094401 0.410880 0.061198 0.085648
0 0.236328 0.804398 0.061198 0.085648
0 0.370443 0.568287 0.061198 0.085648
0 0.432943 0.390046 0.061198 0.085648
0 0.179036 0.392361 0.061198 0.085648
0 0.113932 0.531250 0.061198 0.085648
0 0.027344 0.572917 0.052083 0.090278
0 0.249349 0.103009 0.061198 0.085648
0 0.047526 0.065972 0.061198 0.085648
0 0.494141 0.234954 0.061198 0.085648
0 0.255859 0.593750 0.061198 0.085648
0 0.193359 0.957176 0.061198 0.085648
0 0.035807 0.876157 0.061198 0.085648
0 0.643229 0.773148 0.080729 0.115741
0 0.695964 0.390046 0.061198 0.085648
0 0.684245 0.487269 0.061198 0.085648
0 0.759766 0.200231 0.061198 0.085648
0 0.402995 0.177083 0.061198 0.085648
0 0.313151 0.642361 0.061198 0.085648
0 0.508464 0.320602 0.061198 0.085648
0 0.473307 0.649306 0.061198 0.085648
0 0.613932 0.957176 0.061198 0.085648
0 0.202474 0.163194 0.061198 0.085648
0 0.244141 0.232639 0.061198 0.085648
0 0.895182 0.258102 0.061198 0.085648
0 0.925130 0.346065 0.061198 0.085648
0 0.658203 0.306713 0.061198 0.085648
0 0.689453 0.732639 0.061198 0.085648
0 0.762370 0.876157 0.061198 0.085648
0 0.930339 0.910880 0.061198 0.085648
0 0.376953 0.693287 0.061198 0.085648
0 0.826172 0.667824 0.061198 0.085648
0 0.352214 0.890046 0.061198 0.085648
0 0.861328 0.721065 0.061198 0.085648
0 0.888672 0.663194 0.061198 0.085648
