0 0.186198 0.766204 0.177083 0.175926
0 0.350260 0.930556 0.111979 0.138889
0 0.416016 0.807870 0.118490 0.171296
0 0.337240 0.298611 0.156250 0.199074
0 0.437500 0.516204 0.177083 0.175926
0 0.854818 0.687500 0.118490 0.171296
0 0.659505 0.871528 0.097656 0.159722
0 0.718099 0.780093 0.118490 0.171296
0 0.251953 0.232639 0.097656 0.159722
0 0.951172 0.158565 0.097656 0.159722
0 0.853516 0.126157 0.115885 0.168981
0 0.061849 0.104167 0.121094 0.203704
0 0.111328 0.658565 0.097656 0.159722
0 0.096354 0.531250 0.098958 0.141204
0 0.888672 0.472222 0.118490 0.171296
