0 0.332031 0.817130 0.140625 0.203704
0 0.640625 0.115741 0.140625 0.203704
0 0.803385 0.160880 0.119792 0.187500
0 0.929688 0.192130 0.140625 0.203704
0 0.151693 0.930556 0.095052 0.138889
0 0.041667 0.486111 0.080729 0.203704
0 0.351562 0.136574 0.140625 0.203704
0 0.712891 0.901620 0.113281 0.196759
0 0.505208 0.370370 0.140625 0.203704
0 0.437500 0.487269 0.109375 0.187500
0 0.459635 0.077546 0.130208 0.150463
0 0.417318 0.312500 0.097656 0.148148
0 0.286458 0.469907 0.140625 0.203704
0 0.817057 0.901620 0.113281 0.196759
0 0.966146 0.425926 0.067708 0.175926
