0 0.169271 0.682870 0.072917 0.115741
0 0.936198 0.344907 0.072917 0.115741
0 0.602865 0.085648 0.072917 0.115741
0 0.789062 0.074074 0.072917 0.115741
0 0.274740 0.289352 0.072917 0.115741
0 0.389323 0.166667 0.072917 0.115741
0 0.501302 0.141204 0.072917 0.115741
0 0.265625 0.138889 0.072917 0.115741
0 0.101562 0.233796 0.072917 0.115741
0 0.696615 0.472222 0.072917 0.115741
0 0.494792 0.879630 0.072917 0.115741
0 0.540365 0.682870 0.072917 0.115741
0 0.325521 0.631944 0.072917 0.115741
0 0.209635 0.351852 0.072917 0.115741
0 0.121094 0.837963 0.072917 0.115741
0 0.906250 0.157407 0.072917 0.115741
0 0.690755 0.961806 0.069010 0.067130
0 0.151042 0.067130 0.072917 0.115741
0 0.078125 0.059028 0.072917 0.113426
