0 0.316406 0.547454 0.143229 0.178241
0 0.207682 0.739583 0.139323 0.155093
0 0.065104 0.479167 0.127604 0.125000
0 0.033203 0.337963 0.063802 0.101852
0 0.146484 0.163194 0.069010 0.192130
0 0.477214 0.261574 0.123698 0.162037
0 0.533203 0.099537 0.126302 0.166667
0 0.495443 0.462963 0.178385 0.185185
0 0.529948 0.824074 0.177083 0.189815
0 0.195964 0.924769 0.162760 0.150463
0 0.354167 0.832176 0.109375 0.145833
0 0.718750 0.837963 0.093750 0.185185
0 0.815104 0.920139 0.096354 0.159722
0 0.822266 0.186343 0.113281 0.118056
