0 0.118490 0.460648 0.070312 0.111111
0 0.545573 0.766204 0.070312 0.111111
0 0.633464 0.596065 0.095052 0.150463
0 0.600260 0.136574 0.070312 0.111111
0 0.358073 0.173611 0.070312 0.111111
0 0.341797 0.310185 0.055990 0.097222
0 0.321615 0.565972 0.083333 0.127315
0 0.037760 0.812500 0.070312 0.111111
0 0.030599 0.704861 0.058594 0.127315
0 0.147786 0.809028 0.079427 0.131944
0 0.052083 0.285880 0.059896 0.104167
0 0.938802 0.629630 0.070312 0.111111
0 0.940104 0.337963 0.070312 0.111111
0 0.727865 0.657407 0.070312 0.111111
0 0.772135 0.819444 0.070312 0.111111
0 0.553385 0.865741 0.070312 0.111111
0 0.179688 0.674769 0.059896 0.104167
0 0.311198 0.077546 0.059896 0.104167
0 0.731771 0.167824 0.059896 0.104167
0 0.533854 0.325231 0.059896 0.104167
0 0.615885 0.923611 0.062500 0.092593
0 0.402344 0.325231 0.059896 0.104167
0 0.136068 0.031250 0.069010 0.057870
0 0.651042 0.053241 0.059896 0.101852
0 0.449219 0.121528 0.059896 0.104167
0 0.225260 0.119213 0.059896 0.104167
0 0.872396 0.903935 0.059896 0.104167
0 0.225260 0.917824 0.059896 0.104167
0 0.408854 0.700231 0.059896 0.104167
0 0.760417 0.744213 0.059896 0.104167
0 0.932292 0.959491 0.054688 0.081019
0 0.541016 0.055556 0.045573 0.083333
0 0.827474 0.157407 0.042969 0.097222
0 0.107422 0.377315 0.045573 0.083333
0 0.789714 0.134259 0.045573 0.083333
0 0.587891 0.321759 0.045573 0.083333
0 0.214193 0.042824 0.045573 0.081019
