0 0.152344 0.287037 0.054688 0.101852
0 0.291667 0.134259 0.057292 0.111111
0 0.606771 0.379630 0.057292 0.111111
0 0.335938 0.481481 0.057292 0.111111
0 0.391927 0.615741 0.057292 0.111111
0 0.289062 0.957176 0.059896 0.085648
0 0.213542 0.763889 0.057292 0.111111
0 0.315104 0.770833 0.057292 0.111111
0 0.029297 0.055556 0.055990 0.106481
0 0.247396 0.340278 0.057292 0.111111
0 0.266927 0.490741 0.057292 0.111111
0 0.062500 0.763889 0.057292 0.111111
0 0.029297 0.634259 0.055990 0.111111
0 0.561198 0.266204 0.057292 0.111111
0 0.828125 0.171296 0.057292 0.111111
0 0.670573 0.328704 0.057292 0.111111
0 0.403646 0.777778 0.057292 0.111111
0 0.394531 0.458333 0.057292 0.111111
0 0.756510 0.833333 0.057292 0.111111
0 0.537760 0.960648 0.070312 0.078704
0 0.660156 0.793981 0.057292 0.111111
0 0.886068 0.093750 0.055990 0.108796
0 0.834635 0.842593 0.057292 0.111111
0 0.651042 0.456019 0.057292 0.111111
0 0.733073 0.562500 0.057292 0.111111
0 0.167318 0.172454 0.055990 0.108796
0 0.972005 0.697917 0.055990 0.108796
0 0.865234 0.540509 0.055990 0.108796
