0 0.255859 0.597222 0.126302 0.180556
0 0.591797 0.173611 0.113281 0.166667
0 0.796224 0.224537 0.126302 0.180556
0 0.041016 0.618056 0.079427 0.199074
0 0.235026 0.454861 0.105469 0.150463
0 0.289714 0.250000 0.126302 0.180556
0 0.507161 0.868056 0.126302 0.180556
0 0.514323 0.694444 0.122396 0.180556
0 0.231120 0.118056 0.082031 0.148148
0 0.052083 0.146991 0.101562 0.182870
0 0.505859 0.062500 0.123698 0.120370
0 0.710286 0.079861 0.131510 0.155093
0 0.560547 0.335648 0.126302 0.180556
0 0.851562 0.424769 0.098958 0.164352
0 0.806641 0.636574 0.126302 0.180556
0 0.936198 0.363426 0.125000 0.180556
0 0.052083 0.322917 0.101562 0.182870
