0 0.125651 0.655093 0.089844 0.143519
0 0.064453 0.064815 0.069010 0.087963
0 0.117839 0.104167 0.061198 0.083333
0 0.192057 0.274306 0.069010 0.113426
0 0.113281 0.365741 0.083333 0.106481
0 0.191406 0.416667 0.088542 0.143519
0 0.126953 0.456019 0.089844 0.143519
0 0.343099 0.711806 0.089844 0.145833
0 0.546224 0.649306 0.063802 0.104167
0 0.530599 0.748843 0.069010 0.118056
0 0.409505 0.623843 0.069010 0.118056
0 0.343099 0.547454 0.066406 0.104167
0 0.343099 0.348380 0.048177 0.094907
0 0.298828 0.081019 0.076823 0.106481
0 0.386068 0.180556 0.079427 0.120370
0 0.182943 0.184028 0.063802 0.104167
0 0.916016 0.106481 0.063802 0.106481
0 0.926432 0.609954 0.063802 0.104167
0 0.658203 0.453704 0.063802 0.106481
0 0.759766 0.623843 0.063802 0.104167
0 0.732422 0.141204 0.063802 0.106481
0 0.544922 0.123843 0.063802 0.104167
0 0.546875 0.510417 0.075521 0.104167
