0 0.385417 0.343750 0.122396 0.159722
0 0.382812 0.339120 0.122396 0.159722
0 0.833333 0.399306 0.122396 0.159722
0 0.041016 0.459491 0.079427 0.206019
0 0.444010 0.081019 0.122396 0.157407
0 0.740885 0.498843 0.122396 0.159722
0 0.682292 0.644676 0.122396 0.159722
0 0.143229 0.920139 0.122396 0.159722
0 0.061198 0.228009 0.119792 0.159722
0 0.085938 0.109954 0.122396 0.159722
0 0.824219 0.197917 0.122396 0.159722
0 0.916667 0.267361 0.122396 0.159722
0 0.807943 0.055556 0.118490 0.106481
0 0.970052 0.061343 0.057292 0.118056
0 0.963542 0.751157 0.072917 0.141204
