0 0.164062 0.337963 0.148438 0.203704
0 0.670573 0.565972 0.104167 0.141204
0 0.726562 0.402778 0.148438 0.203704
0 0.496094 0.854167 0.148438 0.203704
0 0.570312 0.442130 0.148438 0.203704
0 0.513021 0.662037 0.148438 0.203704
0 0.110677 0.509259 0.148438 0.203704
0 0.434896 0.103009 0.148438 0.201389
0 0.764323 0.115741 0.119792 0.203704
0 0.952474 0.954861 0.089844 0.090278
0 0.898438 0.783565 0.104167 0.141204
0 0.942708 0.616898 0.104167 0.141204
0 0.707031 0.693287 0.104167 0.141204
0 0.084635 0.924769 0.104167 0.141204
