0 0.188802 0.395833 0.078125 0.129630
0 0.471354 0.280093 0.078125 0.129630
0 0.295573 0.296296 0.078125 0.129630
0 0.197917 0.245370 0.078125 0.129630
0 0.608073 0.576389 0.078125 0.129630
0 0.795573 0.673611 0.078125 0.129630
0 0.960938 0.472222 0.078125 0.129630
0 0.091146 0.805556 0.078125 0.129630
0 0.550781 0.928241 0.078125 0.129630
0 0.756510 0.923611 0.078125 0.129630
0 0.567708 0.791667 0.078125 0.129630
0 0.471354 0.736111 0.078125 0.129630
0 0.151042 0.664352 0.078125 0.129630
0 0.531250 0.125000 0.078125 0.129630
0 0.690104 0.305556 0.078125 0.129630
0 0.438802 0.178241 0.078125 0.129630
0 0.397135 0.502315 0.078125 0.129630
0 0.666667 0.590278 0.078125 0.129630
0 0.243490 0.810185 0.078125 0.129630
0 0.842448 0.375000 0.078125 0.129630
0 0.888021 0.307870 0.078125 0.129630
