0 0.226562 0.104167 0.169271 0.180556
0 0.281250 0.309028 0.111979 0.173611
0 0.684896 0.899306 0.111979 0.173611
0 0.486979 0.487269 0.111979 0.173611
0 0.401042 0.339120 0.111979 0.173611
0 0.505208 0.327546 0.111979 0.173611
0 0.305990 0.834491 0.111979 0.173611
0 0.268229 0.945602 0.093750 0.108796
0 0.175781 0.880787 0.111979 0.173611
0 0.782552 0.841435 0.111979 0.173611
0 0.960286 0.246528 0.079427 0.201389
0 0.968099 0.061343 0.063802 0.118056
0 0.832031 0.087963 0.111979 0.171296
0 0.667969 0.123843 0.111979 0.173611
