0 0.205078 0.575231 0.097656 0.150463
0 0.453776 0.091435 0.097656 0.150463
0 0.679036 0.494213 0.097656 0.150463
0 0.369141 0.864583 0.097656 0.150463
0 0.283203 0.716435 0.097656 0.150463
0 0.077474 0.545139 0.097656 0.150463
0 0.266276 0.239583 0.097656 0.150463
0 0.813151 0.276620 0.097656 0.150463
0 0.225260 0.053241 0.106771 0.101852
0 0.662109 0.046296 0.108073 0.087963
0 0.940755 0.570602 0.097656 0.150463
0 0.854818 0.614583 0.097656 0.150463
0 0.164714 0.494213 0.079427 0.122685
0 0.049479 0.376157 0.096354 0.150463
