0 0.102214 0.252315 0.055990 0.092593
0 0.505859 0.347222 0.055990 0.092593
0 0.155599 0.458333 0.055990 0.092593
0 0.331380 0.657407 0.055990 0.092593
0 0.206380 0.657407 0.055990 0.092593
0 0.355469 0.107639 0.065104 0.104167
0 0.207682 0.078704 0.055990 0.092593
0 0.291667 0.438657 0.062500 0.104167
0 0.018880 0.391204 0.035156 0.078704
0 0.027995 0.386574 0.050781 0.101852
0 0.425781 0.792824 0.062500 0.104167
0 0.087240 0.855324 0.062500 0.104167
0 0.265625 0.665509 0.062500 0.104167
0 0.201823 0.843750 0.062500 0.104167
0 0.543620 0.130787 0.066406 0.118056
0 0.347656 0.218750 0.080729 0.136574
0 0.711589 0.466435 0.074219 0.131944
0 0.576823 0.818287 0.062500 0.104167
0 0.489583 0.906250 0.062500 0.104167
0 0.486979 0.827546 0.062500 0.104167
0 0.761068 0.192130 0.050781 0.064815
0 0.746745 0.103009 0.063802 0.118056
0 0.793620 0.443287 0.050781 0.081019
0 0.971354 0.562500 0.057292 0.148148
0 0.811849 0.890046 0.074219 0.122685
0 0.721354 0.635417 0.062500 0.104167
0 0.442057 0.663194 0.042969 0.062500
0 0.540365 0.740741 0.039062 0.074074
0 0.492188 0.717593 0.052083 0.078704
0 0.429688 0.454861 0.062500 0.104167
0 0.463542 0.413194 0.062500 0.104167
0 0.643229 0.600694 0.062500 0.104167
0 0.968750 0.258102 0.062500 0.104167
0 0.166667 0.892361 0.062500 0.104167
0 0.800781 0.596065 0.062500 0.104167
0 0.839844 0.230324 0.062500 0.104167
0 0.867188 0.809028 0.062500 0.104167
0 0.692708 0.802083 0.062500 0.104167
