0 0.204427 0.372685 0.125000 0.143519
0 0.054688 0.538194 0.098958 0.131944
0 0.462891 0.842593 0.118490 0.203704
0 0.565104 0.373843 0.164062 0.150463
0 0.741536 0.392361 0.110677 0.104167
0 0.654297 0.153935 0.108073 0.118056
0 0.692057 0.226852 0.066406 0.083333
0 0.643880 0.057870 0.121094 0.106481
0 0.401693 0.049769 0.097656 0.094907
0 0.439453 0.178241 0.092448 0.129630
0 0.902995 0.428241 0.108073 0.148148
0 0.809896 0.184028 0.122396 0.164352
0 0.824219 0.821759 0.132812 0.134259
0 0.296875 0.797454 0.096354 0.131944
0 0.399089 0.486111 0.066406 0.111111
0 0.443359 0.584491 0.092448 0.150463
0 0.669271 0.909722 0.072917 0.152778
0 0.651042 0.567130 0.106771 0.152778
0 0.906901 0.921296 0.074219 0.111111
0 0.091146 0.967593 0.111979 0.064815
0 0.042969 0.111111 0.083333 0.111111
0 0.596354 0.817130 0.080729 0.203704
0 0.832031 0.594907 0.057292 0.125000
0 0.175130 0.046296 0.084635 0.087963
