0 0.049479 0.384259 0.041667 0.078704
0 0.230469 0.673611 0.041667 0.078704
0 0.027344 0.671296 0.041667 0.078704
0 0.023438 0.391204 0.041667 0.078704
0 0.224609 0.211806 0.095052 0.108796
0 0.659505 0.109954 0.095052 0.108796
0 0.561849 0.146991 0.095052 0.108796
0 0.380859 0.112269 0.095052 0.108796
0 0.216797 0.116898 0.095052 0.108796
0 0.733073 0.130787 0.078125 0.108796
0 0.514974 0.332176 0.095052 0.108796
0 0.382161 0.302083 0.095052 0.108796
0 0.950521 0.583333 0.075521 0.125000
0 0.872396 0.434028 0.078125 0.108796
0 0.787760 0.346065 0.078125 0.108796
0 0.570312 0.621528 0.078125 0.108796
0 0.378906 0.452546 0.078125 0.108796
0 0.941406 0.246528 0.078125 0.108796
0 0.387370 0.622685 0.066406 0.111111
0 0.821615 0.784722 0.075521 0.125000
0 0.251302 0.870370 0.075521 0.125000
0 0.537760 0.833333 0.075521 0.125000
0 0.459635 0.812500 0.075521 0.125000
0 0.643229 0.828704 0.062500 0.101852
0 0.324219 0.918981 0.075521 0.125000
0 0.167969 0.490741 0.062500 0.101852
0 0.231771 0.530093 0.062500 0.101852
0 0.169271 0.888889 0.062500 0.101852
0 0.098958 0.365741 0.062500 0.101852
0 0.890625 0.923611 0.062500 0.101852
0 0.049479 0.548611 0.062500 0.101852
0 0.703125 0.268519 0.062500 0.101852
