0 0.507161 0.356481 0.079427 0.120370
0 0.649089 0.791667 0.079427 0.120370
0 0.142578 0.868056 0.079427 0.120370
0 0.185547 0.650463 0.079427 0.120370
0 0.120443 0.765046 0.066406 0.131944
0 0.288411 0.069444 0.079427 0.120370
0 0.287109 0.245370 0.079427 0.120370
0 0.064453 0.201389 0.079427 0.120370
0 0.875651 0.914352 0.079427 0.120370
0 0.908203 0.523148 0.079427 0.120370
0 0.858724 0.643519 0.079427 0.120370
0 0.524089 0.113426 0.079427 0.120370
0 0.742839 0.081019 0.079427 0.120370
0 0.867839 0.173611 0.079427 0.120370
0 0.735026 0.574074 0.079427 0.120370
0 0.451172 0.902778 0.079427 0.120370
0 0.504557 0.787037 0.079427 0.120370
0 0.389974 0.750000 0.079427 0.120370
0 0.352214 0.414352 0.079427 0.120370
0 0.350911 0.305556 0.079427 0.120370
0 0.180339 0.405093 0.079427 0.120370
0 0.473307 0.685185 0.079427 0.120370
0 0.921224 0.775463 0.079427 0.120370
