0 0.064453 0.341435 0.126302 0.210648
0 0.136068 0.490741 0.118490 0.162037
0 0.498047 0.349537 0.139323 0.175926
0 0.447266 0.714120 0.128906 0.196759
0 0.371745 0.885417 0.110677 0.164352
0 0.172526 0.923611 0.121094 0.152778
0 0.193359 0.696759 0.108073 0.212963
0 0.482422 0.087963 0.162760 0.171296
0 0.753255 0.534722 0.131510 0.273148
0 0.874349 0.616898 0.102865 0.159722
0 0.822917 0.797454 0.125000 0.252315
0 0.671224 0.863426 0.152344 0.222222
0 0.933594 0.837963 0.080729 0.157407
0 0.256510 0.092593 0.104167 0.148148
0 0.551432 0.581019 0.097656 0.175926
