0 0.373047 0.350694 0.128906 0.206019
0 0.427734 0.806713 0.128906 0.206019
0 0.568359 0.447917 0.128906 0.206019
0 0.662109 0.280093 0.128906 0.208333
0 0.314453 0.660880 0.128906 0.206019
0 0.146484 0.219907 0.128906 0.208333
0 0.274089 0.815972 0.128906 0.206019
0 0.660807 0.767361 0.128906 0.206019
0 0.654297 0.616898 0.128906 0.206019
0 0.271484 0.811343 0.128906 0.206019
0 0.149740 0.915509 0.119792 0.168981
0 0.538411 0.840278 0.102865 0.166667
0 0.047526 0.408565 0.092448 0.238426
0 0.806641 0.792824 0.128906 0.206019
0 0.168620 0.083333 0.136719 0.162037
