0 0.429688 0.255787 0.151042 0.192130
0 0.313802 0.575231 0.151042 0.192130
0 0.132812 0.097222 0.151042 0.189815
0 0.096354 0.258102 0.151042 0.192130
0 0.618490 0.587963 0.130208 0.157407
0 0.532552 0.427083 0.130208 0.192130
0 0.718750 0.332176 0.151042 0.192130
0 0.653646 0.744213 0.151042 0.192130
0 0.595052 0.892361 0.151042 0.192130
0 0.225260 0.902778 0.125000 0.166667
0 0.437500 0.949074 0.161458 0.101852
0 0.930990 0.680556 0.132812 0.180556
0 0.827474 0.781250 0.128906 0.168981
0 0.063151 0.916667 0.123698 0.166667
