0 0.203776 0.218750 0.079427 0.136574
0 0.925130 0.809028 0.079427 0.136574
0 0.780599 0.630787 0.079427 0.136574
0 0.586589 0.554398 0.079427 0.136574
0 0.600911 0.878472 0.079427 0.136574
0 0.785807 0.797454 0.079427 0.136574
0 0.139974 0.684028 0.079427 0.136574
0 0.429036 0.494213 0.079427 0.136574
0 0.328776 0.642361 0.079427 0.136574
0 0.475911 0.843750 0.079427 0.136574
0 0.932943 0.204861 0.079427 0.136574
0 0.818359 0.262731 0.079427 0.136574
0 0.541016 0.086806 0.079427 0.136574
0 0.225911 0.540509 0.079427 0.136574
0 0.229818 0.417824 0.079427 0.136574
0 0.125651 0.394676 0.079427 0.136574
0 0.373047 0.193287 0.079427 0.136574
0 0.254557 0.318287 0.079427 0.136574
0 0.626953 0.623843 0.079427 0.136574
0 0.884766 0.396991 0.079427 0.136574
0 0.860026 0.521991 0.079427 0.136574
