0 0.279297 0.321759 0.071615 0.097222
0 0.613932 0.807870 0.071615 0.097222
0 0.750651 0.287037 0.071615 0.097222
0 0.477214 0.048611 0.071615 0.092593
0 0.538411 0.129630 0.071615 0.097222
0 0.074870 0.238426 0.071615 0.097222
0 0.240234 0.180556 0.071615 0.097222
0 0.555339 0.400463 0.071615 0.097222
0 0.067057 0.736111 0.071615 0.097222
0 0.235026 0.516204 0.071615 0.097222
0 0.198568 0.682870 0.071615 0.097222
0 0.194661 0.421296 0.071615 0.097222
0 0.440755 0.291667 0.071615 0.097222
0 0.848307 0.247685 0.071615 0.097222
0 0.326172 0.770833 0.071615 0.097222
0 0.934245 0.458333 0.071615 0.097222
0 0.543620 0.951389 0.071615 0.097222
0 0.669922 0.629630 0.071615 0.097222
0 0.735026 0.951389 0.071615 0.097222
0 0.737630 0.111111 0.071615 0.097222
0 0.759766 0.775463 0.071615 0.097222
0 0.849609 0.398148 0.071615 0.097222
0 0.896484 0.965278 0.074219 0.069444
0 0.869141 0.071759 0.071615 0.097222
0 0.964193 0.500000 0.071615 0.097222
0 0.425130 0.479167 0.071615 0.097222
0 0.251953 0.842593 0.071615 0.097222
0 0.578776 0.650463 0.071615 0.097222
