0 0.240885 0.310185 0.119792 0.171296
0 0.369792 0.777778 0.119792 0.171296
0 0.208333 0.495370 0.119792 0.171296
0 0.230469 0.666667 0.119792 0.171296
0 0.088542 0.787037 0.119792 0.171296
0 0.092448 0.368056 0.119792 0.171296
0 0.852865 0.638889 0.119792 0.171296
0 0.733073 0.638889 0.119792 0.171296
0 0.269531 0.914352 0.119792 0.171296
0 0.378906 0.086806 0.119792 0.168981
0 0.588542 0.469907 0.119792 0.171296
0 0.694010 0.045139 0.140625 0.085648
0 0.961589 0.603009 0.076823 0.150463
0 0.794271 0.212963 0.119792 0.171296
