0 0.123698 0.270833 0.078125 0.115741
0 0.324219 0.648148 0.078125 0.115741
0 0.510417 0.293981 0.078125 0.115741
0 0.026042 0.354167 0.049479 0.097222
0 0.121094 0.402778 0.078125 0.115741
0 0.308594 0.118056 0.078125 0.115741
0 0.180990 0.071759 0.078125 0.115741
0 0.165365 0.546296 0.078125 0.115741
0 0.736979 0.798611 0.078125 0.115741
0 0.393229 0.400463 0.078125 0.115741
0 0.687500 0.539352 0.078125 0.115741
0 0.709635 0.407407 0.078125 0.115741
0 0.528646 0.701389 0.078125 0.115741
0 0.859375 0.659722 0.078125 0.115741
0 0.766927 0.219907 0.078125 0.115741
0 0.075521 0.791667 0.078125 0.115741
0 0.287109 0.737269 0.079427 0.099537
0 0.505208 0.925926 0.078125 0.115741
0 0.623698 0.062500 0.078125 0.115741
0 0.945312 0.305556 0.078125 0.115741
0 0.856120 0.878472 0.079427 0.099537
0 0.883464 0.184028 0.079427 0.099537
0 0.904297 0.484954 0.079427 0.099537
0 0.714193 0.859954 0.079427 0.099537
0 0.240234 0.923611 0.123698 0.106481
0 0.354167 0.965278 0.101562 0.069444
0 0.081380 0.505787 0.063802 0.104167
