0 0.632161 0.408565 0.082031 0.155093
0 0.958984 0.457176 0.082031 0.155093
0 0.229818 0.836806 0.082031 0.155093
0 0.727214 0.762731 0.082031 0.155093
0 0.860026 0.640046 0.082031 0.155093
0 0.563151 0.086806 0.082031 0.155093
0 0.451172 0.188657 0.082031 0.155093
0 0.475911 0.403935 0.082031 0.155093
0 0.563151 0.783565 0.082031 0.155093
0 0.041016 0.295139 0.079427 0.155093
0 0.130859 0.417824 0.082031 0.155093
0 0.940755 0.214120 0.082031 0.155093
0 0.741536 0.378472 0.082031 0.155093
0 0.879557 0.452546 0.082031 0.155093
0 0.716797 0.160880 0.082031 0.155093
0 0.423828 0.258102 0.082031 0.155093
0 0.754557 0.910880 0.082031 0.155093
0 0.340495 0.906250 0.082031 0.155093
0 0.395182 0.855324 0.082031 0.155093
0 0.111328 0.078704 0.082031 0.152778
0 0.156901 0.267361 0.082031 0.155093
0 0.042318 0.582176 0.082031 0.155093
0 0.150391 0.596065 0.082031 0.155093
0 0.110026 0.561343 0.082031 0.155093
0 0.958984 0.709491 0.082031 0.155093
0 0.813151 0.890046 0.082031 0.155093
0 0.916016 0.922454 0.082031 0.155093
