0 0.115234 0.390046 0.071615 0.108796
0 0.266276 0.748843 0.071615 0.108796
0 0.086589 0.758102 0.071615 0.108796
0 0.036458 0.188657 0.070312 0.108796
0 0.569661 0.300926 0.092448 0.157407
0 0.231120 0.218750 0.071615 0.108796
0 0.192057 0.480324 0.071615 0.108796
0 0.254557 0.061343 0.071615 0.108796
0 0.421224 0.899306 0.071615 0.108796
0 0.373047 0.839120 0.071615 0.108796
0 0.160807 0.644676 0.071615 0.108796
0 0.373047 0.755787 0.071615 0.108796
0 0.132161 0.866898 0.071615 0.108796
0 0.149089 0.545139 0.071615 0.108796
0 0.311849 0.408565 0.071615 0.108796
0 0.615234 0.603009 0.071615 0.108796
0 0.293620 0.556713 0.071615 0.108796
0 0.037109 0.037037 0.071615 0.069444
0 0.496094 0.106481 0.078125 0.134259
0 0.753255 0.677083 0.071615 0.108796
0 0.637370 0.936343 0.071615 0.108796
0 0.467448 0.665509 0.065104 0.090278
0 0.464193 0.781250 0.071615 0.108796
0 0.576172 0.802083 0.071615 0.108796
0 0.896484 0.503472 0.055990 0.090278
0 0.717448 0.517361 0.036458 0.062500
0 0.184245 0.931713 0.058594 0.076389
0 0.938151 0.931713 0.071615 0.108796
0 0.854167 0.246528 0.078125 0.118056
0 0.675781 0.857639 0.054688 0.085648
0 0.740234 0.846065 0.071615 0.108796
0 0.942708 0.140046 0.072917 0.127315
0 0.695312 0.401620 0.067708 0.090278
0 0.935547 0.288194 0.063802 0.099537
0 0.290365 0.197917 0.059896 0.076389
0 0.755208 0.238426 0.070312 0.087963
0 0.417318 0.649306 0.040365 0.067130
0 0.015625 0.372685 0.028646 0.092593
0 0.457031 0.473380 0.065104 0.090278
0 0.805339 0.368056 0.066406 0.087963
0 0.524089 0.697917 0.040365 0.067130
