0 0.153646 0.473380 0.088542 0.118056
0 0.149740 0.626157 0.088542 0.118056
0 0.602865 0.177083 0.088542 0.118056
0 0.398438 0.158565 0.088542 0.118056
0 0.455729 0.336806 0.088542 0.118056
0 0.493490 0.660880 0.088542 0.118056
0 0.305990 0.693287 0.088542 0.118056
0 0.089844 0.776620 0.088542 0.118056
0 0.065104 0.121528 0.088542 0.118056
0 0.739583 0.461806 0.088542 0.118056
0 0.378906 0.473380 0.088542 0.118056
0 0.257812 0.478009 0.088542 0.118056
0 0.158203 0.368056 0.066406 0.092593
0 0.165365 0.857639 0.078125 0.104167
0 0.187500 0.274306 0.065104 0.099537
0 0.297526 0.039352 0.058594 0.074074
0 0.782552 0.262731 0.088542 0.118056
0 0.071615 0.241898 0.088542 0.118056
0 0.955729 0.234954 0.088542 0.118056
0 0.619792 0.707176 0.088542 0.118056
0 0.528646 0.832176 0.088542 0.118056
0 0.420573 0.908565 0.088542 0.118056
0 0.763021 0.836806 0.088542 0.118056
0 0.645833 0.591435 0.088542 0.118056
0 0.472005 0.079861 0.071615 0.099537
0 0.813802 0.361111 0.062500 0.083333
0 0.313802 0.556713 0.078125 0.104167
0 0.947917 0.126157 0.078125 0.104167
