0 0.154297 0.327546 0.066406 0.099537
0 0.539714 0.748843 0.066406 0.099537
0 0.650391 0.704861 0.066406 0.099537
0 0.270182 0.163194 0.066406 0.099537
0 0.397786 0.179398 0.066406 0.099537
0 0.518880 0.313657 0.066406 0.099537
0 0.212891 0.950231 0.066406 0.099537
0 0.293620 0.508102 0.066406 0.099537
0 0.267578 0.765046 0.066406 0.099537
0 0.098307 0.528935 0.066406 0.099537
0 0.203776 0.075231 0.066406 0.099537
0 0.042318 0.392361 0.066406 0.099537
0 0.771484 0.746528 0.066406 0.099537
0 0.878255 0.612269 0.066406 0.099537
0 0.916016 0.508102 0.066406 0.099537
0 0.761068 0.223380 0.066406 0.099537
0 0.692057 0.464120 0.066406 0.099537
0 0.664714 0.385417 0.066406 0.099537
0 0.572266 0.950231 0.066406 0.099537
0 0.285807 0.915509 0.066406 0.099537
0 0.255859 0.702546 0.066406 0.099537
0 0.251953 0.591435 0.066406 0.099537
0 0.412109 0.628472 0.066406 0.099537
0 0.918620 0.818287 0.066406 0.099537
0 0.794922 0.839120 0.066406 0.099537
0 0.735026 0.885417 0.066406 0.099537
0 0.534505 0.050926 0.066406 0.097222
0 0.662109 0.305556 0.066406 0.101852
0 0.966797 0.885417 0.066406 0.099537
0 0.331380 0.128472 0.066406 0.099537
0 0.033203 0.054398 0.063802 0.099537
0 0.132161 0.396991 0.066406 0.099537
0 0.921224 0.353009 0.066406 0.099537
