0 0.138021 0.306713 0.083333 0.118056
0 0.277344 0.133102 0.078125 0.141204
0 0.238281 0.337963 0.072917 0.129630
0 0.393229 0.613426 0.072917 0.129630
0 0.325521 0.770833 0.072917 0.129630
0 0.540365 0.381944 0.072917 0.129630
0 0.531250 0.252315 0.072917 0.129630
0 0.286458 0.518519 0.072917 0.129630
0 0.042969 0.770833 0.072917 0.129630
0 0.037109 0.643519 0.071615 0.129630
0 0.755208 0.550926 0.072917 0.129630
0 0.552083 0.935185 0.072917 0.129630
0 0.274089 0.953704 0.087240 0.092593
0 0.621094 0.763889 0.072917 0.129630
0 0.772135 0.840278 0.072917 0.129630
0 0.833333 0.071759 0.072917 0.129630
0 0.804688 0.155093 0.072917 0.129630
0 0.703125 0.326389 0.072917 0.129630
0 0.963542 0.236111 0.072917 0.129630
0 0.963542 0.456019 0.072917 0.129630
0 0.963542 0.694444 0.072917 0.129630
0 0.661458 0.462963 0.072917 0.129630
0 0.516927 0.539352 0.072917 0.129630
0 0.423177 0.775463 0.072917 0.129630
