0 0.315104 0.225694 0.127604 0.155093
0 0.174479 0.048611 0.106771 0.092593
0 0.214193 0.356481 0.063802 0.092593
0 0.486979 0.082176 0.085938 0.141204
0 0.529948 0.269676 0.057292 0.122685
0 0.961589 0.222222 0.063802 0.092593
0 0.682943 0.074074 0.063802 0.092593
0 0.563151 0.541667 0.063802 0.092593
0 0.430339 0.621528 0.074219 0.108796
0 0.266276 0.810185 0.063802 0.092593
0 0.293620 0.740741 0.063802 0.092593
0 0.160807 0.798611 0.063802 0.092593
0 0.706380 0.511574 0.063802 0.092593
0 0.555339 0.766204 0.063802 0.092593
0 0.027995 0.333333 0.053385 0.125000
0 0.598307 0.925926 0.063802 0.092593
0 0.690755 0.229167 0.063802 0.092593
0 0.201172 0.520833 0.063802 0.092593
0 0.100911 0.844907 0.063802 0.092593
0 0.322266 0.333333 0.063802 0.092593
0 0.171224 0.178241 0.063802 0.092593
0 0.897135 0.443287 0.075521 0.108796
0 0.763672 0.307870 0.063802 0.092593
0 0.962891 0.583333 0.063802 0.092593
0 0.739583 0.836806 0.075521 0.108796
0 0.856771 0.771991 0.075521 0.108796
0 0.630208 0.304398 0.075521 0.108796
