0 0.114583 0.263889 0.151042 0.208333
0 0.175130 0.081019 0.123698 0.157407
0 0.537109 0.437500 0.121094 0.175926
0 0.704427 0.342593 0.151042 0.208333
0 0.317708 0.571759 0.151042 0.231481
0 0.404948 0.261574 0.151042 0.208333
0 0.229818 0.902778 0.121094 0.175926
0 0.422526 0.912037 0.121094 0.175926
0 0.638672 0.729167 0.121094 0.175926
0 0.629557 0.597222 0.121094 0.175926
0 0.811849 0.754630 0.121094 0.175926
0 0.585286 0.893519 0.121094 0.175926
0 0.067057 0.912037 0.121094 0.175926
0 0.931641 0.687500 0.121094 0.175926
0 0.051432 0.072917 0.100260 0.141204
