0 0.319010 0.625000 0.088542 0.152778
0 0.828125 0.210648 0.088542 0.152778
0 0.873698 0.606481 0.088542 0.152778
0 0.675781 0.699074 0.088542 0.152778
0 0.764974 0.296296 0.084635 0.120370
0 0.593750 0.590278 0.088542 0.152778
0 0.652344 0.310185 0.088542 0.152778
0 0.371094 0.087963 0.088542 0.152778
0 0.263021 0.361111 0.088542 0.152778
0 0.444010 0.215278 0.088542 0.152778
0 0.115234 0.494213 0.089844 0.108796
0 0.031250 0.458333 0.059896 0.120370
0 0.035807 0.167824 0.069010 0.122685
0 0.180990 0.342593 0.059896 0.097222
0 0.089193 0.813657 0.063802 0.122685
0 0.316406 0.620370 0.088542 0.152778
0 0.779297 0.839120 0.082031 0.127315
0 0.675781 0.950231 0.098958 0.094907
0 0.161458 0.946759 0.080729 0.106481
0 0.199870 0.732639 0.063802 0.122685
0 0.031901 0.583333 0.061198 0.083333
0 0.078125 0.710648 0.062500 0.083333
0 0.177734 0.084491 0.071615 0.122685
0 0.105469 0.268519 0.062500 0.083333
0 0.104167 0.131944 0.062500 0.083333
0 0.035156 0.291667 0.059896 0.097222
