0 0.157552 0.657407 0.104167 0.180556
0 0.947917 0.678241 0.104167 0.180556
0 0.832031 0.893519 0.104167 0.180556
0 0.488281 0.079861 0.158854 0.155093
0 0.046875 0.315972 0.091146 0.215278
0 0.716146 0.106481 0.104167 0.180556
0 0.486979 0.851852 0.104167 0.180556
0 0.623698 0.738426 0.104167 0.180556
0 0.389323 0.844907 0.104167 0.180556
0 0.520833 0.347222 0.104167 0.180556
0 0.785156 0.736111 0.104167 0.180556
0 0.237630 0.947917 0.128906 0.104167
0 0.132812 0.905093 0.104167 0.180556
0 0.596354 0.909722 0.104167 0.180556
0 0.052734 0.091435 0.102865 0.178241
