0 0.272786 0.518519 0.087240 0.120370
0 0.382161 0.203704 0.087240 0.120370
0 0.237630 0.224537 0.087240 0.120370
0 0.163411 0.391204 0.087240 0.120370
0 0.486328 0.578704 0.069010 0.143519
0 0.745443 0.087963 0.084635 0.129630
0 0.552083 0.063657 0.059896 0.104167
0 0.483724 0.040509 0.076823 0.076389
0 0.458984 0.814815 0.069010 0.143519
0 0.352214 0.587963 0.069010 0.143519
0 0.702474 0.634259 0.069010 0.143519
0 0.839193 0.909722 0.069010 0.143519
0 0.610026 0.884259 0.069010 0.143519
0 0.784505 0.582176 0.082031 0.099537
0 0.884766 0.501157 0.074219 0.099537
0 0.119141 0.673611 0.069010 0.143519
0 0.570964 0.236111 0.069010 0.143519
0 0.871745 0.396991 0.063802 0.099537
0 0.897786 0.270833 0.069010 0.143519
0 0.589844 0.731481 0.067708 0.106481
0 0.639974 0.385417 0.058594 0.113426
0 0.208984 0.951389 0.160156 0.097222
0 0.197266 0.699074 0.069010 0.143519
