0 0.259766 0.237269 0.071615 0.113426
0 0.672526 0.079861 0.071615 0.113426
0 0.779297 0.332176 0.071615 0.113426
0 0.150391 0.806713 0.071615 0.113426
0 0.541016 0.531250 0.071615 0.113426
0 0.521484 0.269676 0.071615 0.113426
0 0.272786 0.718750 0.071615 0.113426
0 0.349609 0.577546 0.071615 0.113426
0 0.486328 0.077546 0.071615 0.113426
0 0.188802 0.052083 0.080729 0.099537
0 0.085286 0.832176 0.055990 0.085648
0 0.112630 0.914352 0.055990 0.078704
0 0.039714 0.953704 0.063802 0.092593
0 0.189453 0.343750 0.071615 0.113426
0 0.319661 0.320602 0.071615 0.113426
0 0.212891 0.524306 0.071615 0.113426
0 0.573568 0.943287 0.071615 0.113426
0 0.826172 0.758102 0.071615 0.113426
0 0.534505 0.368056 0.061198 0.087963
0 0.173828 0.170139 0.066406 0.099537
0 0.639323 0.280093 0.052083 0.087963
0 0.854167 0.097222 0.052083 0.087963
0 0.684896 0.229167 0.052083 0.087963
0 0.325521 0.863426 0.059896 0.101852
0 0.726562 0.837963 0.052083 0.087963
0 0.541016 0.741898 0.071615 0.113426
0 0.796875 0.956019 0.067708 0.087963
0 0.963542 0.799769 0.072917 0.113426
0 0.975911 0.211806 0.048177 0.108796
0 0.526693 0.630787 0.071615 0.113426
