0 0.370443 0.354167 0.136719 0.217593
0 0.828125 0.386574 0.117188 0.180556
0 0.876302 0.218750 0.122396 0.233796
0 0.339844 0.143519 0.114583 0.185185
0 0.702474 0.472222 0.128906 0.180556
0 0.660156 0.650463 0.122396 0.199074
0 0.200521 0.922454 0.151042 0.155093
0 0.960286 0.781250 0.079427 0.141204
0 0.045573 0.123843 0.088542 0.182870
0 0.037760 0.319444 0.072917 0.185185
0 0.044271 0.509259 0.080729 0.203704
0 0.320964 0.407407 0.082031 0.106481
0 0.492839 0.041667 0.180990 0.078704
0 0.832682 0.063657 0.136719 0.122685
