0 0.513672 0.466435 0.173177 0.215278
0 0.347005 0.535880 0.113281 0.164352
0 0.278646 0.729167 0.145833 0.217593
0 0.473307 0.251157 0.110677 0.141204
0 0.569661 0.148148 0.131510 0.180556
0 0.080729 0.149306 0.111979 0.136574
0 0.154948 0.181713 0.106771 0.173611
0 0.779297 0.291667 0.126302 0.152778
0 0.534505 0.836806 0.173177 0.150463
0 0.722005 0.842593 0.097656 0.212963
0 0.819661 0.909722 0.113281 0.148148
0 0.188802 0.929398 0.156250 0.141204
0 0.345052 0.306713 0.085938 0.141204
0 0.151693 0.356481 0.128906 0.189815
0 0.839193 0.160880 0.082031 0.122685
0 0.958333 0.328704 0.083333 0.166667
0 0.663411 0.381944 0.084635 0.143519
