0 0.343750 0.519676 0.122396 0.136574
0 0.345052 0.709491 0.122396 0.136574
0 0.082031 0.207176 0.122396 0.136574
0 0.069010 0.674769 0.122396 0.136574
0 0.630208 0.219907 0.083333 0.138889
0 0.636719 0.378472 0.122396 0.136574
0 0.577474 0.527778 0.071615 0.111111
0 0.473958 0.228009 0.122396 0.136574
0 0.576823 0.842593 0.083333 0.138889
0 0.739583 0.557870 0.083333 0.138889
0 0.748698 0.891204 0.083333 0.138889
0 0.152344 0.872685 0.083333 0.138889
0 0.820312 0.314815 0.083333 0.138889
0 0.182292 0.395833 0.083333 0.138889
0 0.558594 0.961806 0.091146 0.076389
0 0.178385 0.217593 0.083333 0.138889
0 0.858073 0.520833 0.083333 0.138889
0 0.841146 0.953704 0.065104 0.092593
0 0.619792 0.785880 0.072917 0.108796
0 0.557943 0.613426 0.071615 0.115741
0 0.330729 0.312500 0.083333 0.138889
0 0.835938 0.138889 0.083333 0.138889
0 0.251302 0.231481 0.062500 0.111111
