0 0.509766 0.347222 0.173177 0.175926
0 0.324870 0.438657 0.092448 0.145833
0 0.650391 0.422454 0.092448 0.145833
0 0.518880 0.074074 0.092448 0.143519
0 0.384766 0.072917 0.092448 0.141204
0 0.072917 0.756944 0.088542 0.120370
0 0.198568 0.554398 0.092448 0.145833
0 0.224609 0.894676 0.092448 0.145833
0 0.680339 0.920139 0.092448 0.145833
0 0.944661 0.315972 0.092448 0.145833
0 0.039714 0.296296 0.076823 0.125000
0 0.188802 0.185185 0.070312 0.101852
0 0.137370 0.325231 0.092448 0.145833
0 0.647786 0.122685 0.087240 0.129630
0 0.081380 0.861111 0.079427 0.120370
0 0.876953 0.832176 0.100260 0.122685
0 0.131510 0.464120 0.054688 0.118056
