0 0.421875 0.340278 0.122396 0.189815
0 0.540365 0.099537 0.122396 0.189815
0 0.759115 0.328704 0.122396 0.189815
0 0.710938 0.543981 0.122396 0.189815
0 0.660156 0.805556 0.122396 0.189815
0 0.252604 0.495370 0.122396 0.189815
0 0.156250 0.263889 0.122396 0.189815
0 0.446615 0.814815 0.122396 0.189815
0 0.731771 0.187500 0.122396 0.189815
0 0.119792 0.809028 0.096354 0.131944
0 0.082682 0.917824 0.147135 0.164352
0 0.957031 0.601852 0.085938 0.162037
0 0.281250 0.233796 0.080729 0.143519
0 0.061198 0.608796 0.119792 0.189815
