0 0.160807 0.361111 0.079427 0.115741
0 0.100911 0.666667 0.079427 0.115741
0 0.328776 0.467593 0.079427 0.115741
0 0.942708 0.285880 0.091146 0.122685
0 0.518880 0.074074 0.079427 0.115741
0 0.430339 0.206019 0.079427 0.115741
0 0.279297 0.201389 0.079427 0.115741
0 0.543620 0.554398 0.061198 0.085648
0 0.801432 0.645833 0.079427 0.115741
0 0.193359 0.719907 0.079427 0.115741
0 0.590495 0.907407 0.079427 0.115741
0 0.402995 0.780093 0.079427 0.115741
0 0.422526 0.601852 0.082031 0.111111
0 0.419922 0.597222 0.082031 0.111111
0 0.917318 0.502315 0.082031 0.111111
0 0.339193 0.567130 0.082031 0.111111
0 0.596354 0.452546 0.057292 0.076389
0 0.727214 0.059028 0.074219 0.104167
0 0.582031 0.054398 0.052083 0.094907
0 0.764974 0.547454 0.048177 0.067130
0 0.864583 0.927083 0.085938 0.145833
0 0.949219 0.787037 0.057292 0.101852
0 0.208333 0.960648 0.174479 0.078704
0 0.246094 0.378472 0.075521 0.113426
0 0.528646 0.671296 0.072917 0.134259
