0 0.379557 0.166667 0.141927 0.203704
0 0.492839 0.532407 0.141927 0.203704
0 0.167318 0.182870 0.141927 0.203704
0 0.552734 0.166667 0.141927 0.203704
0 0.205078 0.504630 0.141927 0.203704
0 0.959635 0.215278 0.080729 0.199074
0 0.946615 0.406250 0.106771 0.155093
0 0.053385 0.061343 0.104167 0.118056
0 0.392578 0.745370 0.141927 0.203704
0 0.813151 0.745370 0.141927 0.203704
0 0.308594 0.952546 0.143229 0.094907
0 0.692708 0.637731 0.104167 0.168981
0 0.598307 0.465278 0.141927 0.203704
0 0.964193 0.721065 0.071615 0.210648
