0 0.246745 0.585648 0.178385 0.236111
0 0.402344 0.078704 0.153646 0.152778
0 0.487630 0.222222 0.178385 0.236111
0 0.228516 0.268519 0.178385 0.236111
0 0.395182 0.395833 0.178385 0.236111
0 0.508464 0.800926 0.149740 0.203704
0 0.073568 0.769676 0.144531 0.215278
0 0.451823 0.896991 0.135417 0.192130
0 0.650391 0.643519 0.149740 0.203704
0 0.798177 0.459491 0.135417 0.192130
0 0.863281 0.646991 0.135417 0.192130
0 0.828125 0.802083 0.135417 0.192130
0 0.693359 0.221065 0.128906 0.173611
0 0.962891 0.519676 0.074219 0.168981
0 0.710286 0.366898 0.128906 0.173611
0 0.835286 0.267361 0.128906 0.173611
0 0.564453 0.057870 0.110677 0.111111
0 0.674479 0.061343 0.125000 0.118056
