0 0.307292 0.447917 0.156250 0.210648
0 0.786458 0.857639 0.135417 0.192130
0 0.679036 0.085648 0.141927 0.166667
0 0.633464 0.247685 0.126302 0.199074
0 0.602214 0.452546 0.121094 0.187500
0 0.136719 0.158565 0.140625 0.196759
0 0.388672 0.598380 0.144531 0.201389
0 0.330729 0.690972 0.119792 0.178241
0 0.632161 0.628472 0.144531 0.201389
0 0.534505 0.741898 0.144531 0.201389
0 0.969401 0.437500 0.061198 0.217593
0 0.039062 0.248843 0.075521 0.210648
0 0.036458 0.917824 0.070312 0.164352
0 0.695312 0.876157 0.117188 0.159722
0 0.134115 0.049769 0.122396 0.094907
0 0.972656 0.194444 0.054688 0.171296
