0 0.157552 0.369213 0.088542 0.104167
0 0.566406 0.538194 0.088542 0.104167
0 0.278646 0.489583 0.088542 0.104167
0 0.341146 0.579861 0.088542 0.104167
0 0.570964 0.079861 0.055990 0.099537
0 0.498698 0.053241 0.088542 0.101852
0 0.399740 0.193287 0.088542 0.104167
0 0.253906 0.223380 0.088542 0.104167
0 0.782552 0.565972 0.088542 0.104167
0 0.895833 0.503472 0.088542 0.104167
0 0.912760 0.285880 0.088542 0.104167
0 0.735677 0.065972 0.088542 0.104167
0 0.115885 0.670139 0.088542 0.104167
0 0.427083 0.792824 0.088542 0.104167
0 0.751953 0.626157 0.082031 0.094907
0 0.188802 0.717593 0.049479 0.083333
0 0.424479 0.606481 0.062500 0.101852
0 0.860026 0.932870 0.076823 0.129630
0 0.645833 0.375000 0.067708 0.125000
0 0.591797 0.905093 0.076823 0.129630
0 0.560547 0.236111 0.076823 0.129630
0 0.197917 0.957176 0.197917 0.085648
0 0.577474 0.726852 0.076823 0.129630
