0 0.400391 0.468750 0.170573 0.168981
0 0.626953 0.143519 0.147135 0.157407
0 0.214193 0.535880 0.123698 0.168981
0 0.855469 0.144676 0.153646 0.182870
0 0.428385 0.224537 0.158854 0.157407
0 0.093750 0.487269 0.101562 0.192130
0 0.184896 0.078704 0.135417 0.152778
0 0.580078 0.565972 0.141927 0.127315
0 0.679036 0.689815 0.136719 0.175926
0 0.714193 0.483796 0.126302 0.162037
0 0.817057 0.481481 0.087240 0.185185
0 0.027995 0.787037 0.053385 0.162037
0 0.076172 0.819444 0.082031 0.129630
0 0.033854 0.954861 0.065104 0.085648
0 0.242188 0.751157 0.111979 0.159722
0 0.632812 0.870370 0.161458 0.138889
0 0.932292 0.644676 0.122396 0.150463
0 0.973958 0.219907 0.052083 0.166667
0 0.133464 0.695602 0.079427 0.141204
0 0.172526 0.331019 0.134115 0.171296
0 0.076172 0.217593 0.076823 0.129630
0 0.115885 0.122685 0.046875 0.092593
0 0.028646 0.427083 0.054688 0.113426
