0 0.187500 0.351852 0.072917 0.120370
0 0.454427 0.881944 0.072917 0.120370
0 0.037109 0.668981 0.071615 0.120370
0 0.087240 0.865741 0.072917 0.120370
0 0.283854 0.754630 0.072917 0.120370
0 0.058594 0.106481 0.072917 0.120370
0 0.174479 0.052083 0.062500 0.099537
0 0.557292 0.842593 0.078125 0.115741
0 0.417969 0.951389 0.052083 0.069444
0 0.505859 0.959491 0.082031 0.081019
0 0.344401 0.388889 0.061198 0.101852
0 0.449870 0.219907 0.066406 0.125000
0 0.580729 0.380787 0.065104 0.108796
0 0.686198 0.225694 0.072917 0.108796
0 0.638021 0.145833 0.065104 0.111111
0 0.652344 0.046296 0.062500 0.087963
0 0.813151 0.190972 0.058594 0.104167
0 0.663411 0.913194 0.058594 0.104167
0 0.833984 0.832176 0.058594 0.104167
0 0.814453 0.577546 0.058594 0.104167
0 0.899089 0.429398 0.058594 0.104167
0 0.764974 0.353009 0.058594 0.104167
0 0.849609 0.473380 0.058594 0.104167
0 0.164714 0.531250 0.058594 0.104167
0 0.970703 0.704861 0.058594 0.104167
0 0.382161 0.482639 0.058594 0.104167
0 0.970703 0.478009 0.058594 0.104167
0 0.970703 0.107639 0.058594 0.104167
0 0.270833 0.905093 0.052083 0.069444
0 0.348958 0.803241 0.052083 0.069444
