0 0.210938 0.546296 0.104167 0.240741
0 0.246094 0.383102 0.125000 0.159722
0 0.420573 0.383102 0.125000 0.215278
0 0.066406 0.134259 0.127604 0.194444
0 0.042318 0.859954 0.082031 0.159722
0 0.619141 0.333333 0.149740 0.245370
0 0.537109 0.394676 0.097656 0.210648
0 0.631510 0.775463 0.138021 0.226852
0 0.310547 0.700231 0.144531 0.229167
0 0.135417 0.607639 0.093750 0.187500
0 0.947266 0.505787 0.105469 0.215278
0 0.635417 0.070602 0.111979 0.136574
0 0.768229 0.060185 0.130208 0.115741
0 0.822266 0.924769 0.128906 0.150463
0 0.142578 0.949074 0.160156 0.101852
