0 0.231771 0.137731 0.143229 0.192130
0 0.441406 0.589120 0.143229 0.192130
0 0.544271 0.218750 0.143229 0.192130
0 0.356120 0.353009 0.144531 0.215278
0 0.126302 0.556713 0.109375 0.173611
0 0.823568 0.700231 0.144531 0.215278
0 0.703776 0.427083 0.144531 0.215278
0 0.869141 0.151620 0.144531 0.215278
0 0.147135 0.912037 0.125000 0.175926
0 0.288411 0.922454 0.152344 0.155093
0 0.577474 0.776620 0.144531 0.215278
0 0.220052 0.622685 0.117188 0.162037
0 0.547526 0.653935 0.092448 0.150463
0 0.953125 0.199074 0.093750 0.217593
