0 0.501953 0.310185 0.154948 0.236111
0 0.232422 0.584491 0.157552 0.261574
0 0.380208 0.508102 0.093750 0.192130
0 0.086589 0.461806 0.076823 0.201389
0 0.052734 0.277778 0.102865 0.157407
0 0.061198 0.081019 0.119792 0.157407
0 0.568359 0.114583 0.123698 0.168981
0 0.676432 0.103009 0.079427 0.164352
0 0.766276 0.100694 0.084635 0.182870
0 0.794922 0.388889 0.201823 0.152778
0 0.906250 0.236111 0.127604 0.171296
0 0.905599 0.081019 0.121094 0.148148
0 0.086589 0.876157 0.100260 0.215278
0 0.192708 0.799769 0.088542 0.145833
0 0.731771 0.909722 0.166667 0.171296
0 0.908854 0.876157 0.138021 0.247685
