0 0.306641 0.302083 0.136719 0.164352
0 0.223307 0.652778 0.121094 0.148148
0 0.805339 0.696759 0.121094 0.148148
0 0.203776 0.465278 0.121094 0.148148
0 0.625651 0.826389 0.121094 0.148148
0 0.608724 0.518519 0.123698 0.175926
0 0.130859 0.125000 0.121094 0.148148
0 0.120443 0.254630 0.121094 0.148148
0 0.076172 0.819444 0.121094 0.148148
0 0.895833 0.120370 0.096354 0.148148
0 0.958984 0.250000 0.082031 0.148148
0 0.684245 0.342593 0.121094 0.148148
0 0.754557 0.222222 0.121094 0.148148
0 0.636719 0.959491 0.127604 0.081019
0 0.804688 0.075231 0.096354 0.145833
