0 0.151042 0.795139 0.088542 0.164352
0 0.639323 0.554398 0.088542 0.164352
0 0.765625 0.675926 0.078125 0.120370
0 0.791667 0.788194 0.078125 0.104167
0 0.212240 0.123843 0.054688 0.076389
0 0.348958 0.302083 0.065104 0.113426
0 0.576172 0.761574 0.069010 0.106481
0 0.119792 0.440972 0.083333 0.150463
0 0.033854 0.728009 0.065104 0.141204
0 0.294271 0.607639 0.088542 0.164352
0 0.306641 0.923611 0.069010 0.106481
0 0.573568 0.870370 0.069010 0.106481
0 0.421224 0.608796 0.069010 0.106481
0 0.431641 0.719907 0.069010 0.106481
0 0.358073 0.174769 0.054688 0.076389
0 0.460938 0.133102 0.054688 0.076389
0 0.415365 0.130787 0.054688 0.076389
0 0.324219 0.093750 0.054688 0.076389
0 0.031250 0.047454 0.054688 0.076389
0 0.216146 0.924769 0.054688 0.076389
0 0.654948 0.039352 0.054688 0.074074
0 0.615885 0.119213 0.054688 0.076389
0 0.593750 0.052083 0.054688 0.076389
0 0.542969 0.049769 0.054688 0.076389
0 0.179688 0.034722 0.065104 0.064815
0 0.477865 0.054398 0.054688 0.076389
0 0.735026 0.162037 0.069010 0.106481
0 0.462891 0.266204 0.069010 0.106481
0 0.556641 0.314815 0.069010 0.106481
0 0.930339 0.303241 0.069010 0.106481
0 0.934245 0.627315 0.069010 0.106481
0 0.919922 0.946759 0.069010 0.106481
0 0.883464 0.914352 0.069010 0.106481
0 0.611979 0.945602 0.054688 0.076389
0 0.187500 0.672454 0.054688 0.076389
0 0.073568 0.289352 0.042969 0.069444
0 0.178385 0.262731 0.054688 0.076389
0 0.820312 0.160880 0.054688 0.076389
0 0.804688 0.292824 0.054688 0.076389
