0 0.116536 0.422454 0.066406 0.094907
0 0.609375 0.777778 0.091146 0.111111
0 0.839193 0.896991 0.066406 0.094907
0 0.916016 0.711806 0.066406 0.094907
0 0.684245 0.589120 0.066406 0.094907
0 0.843099 0.609954 0.066406 0.094907
0 0.701172 0.744213 0.066406 0.094907
0 0.264974 0.098380 0.066406 0.094907
0 0.423828 0.193287 0.066406 0.094907
0 0.442057 0.612269 0.066406 0.094907
0 0.669922 0.471065 0.066406 0.094907
0 0.880859 0.549769 0.066406 0.094907
0 0.719401 0.380787 0.066406 0.094907
0 0.692057 0.232639 0.066406 0.094907
0 0.555339 0.068287 0.066406 0.094907
0 0.908203 0.239583 0.066406 0.094907
0 0.759766 0.184028 0.066406 0.094907
0 0.270182 0.679398 0.066406 0.094907
0 0.228516 0.853009 0.066406 0.094907
0 0.369141 0.890046 0.066406 0.094907
0 0.323568 0.920139 0.066406 0.094907
0 0.306641 0.653935 0.066406 0.094907
0 0.065755 0.048611 0.066406 0.092593
0 0.033854 0.299769 0.065104 0.094907
0 0.093099 0.596065 0.066406 0.094907
0 0.227214 0.172454 0.066406 0.094907
0 0.638672 0.288194 0.066406 0.094907
0 0.637370 0.952546 0.066406 0.094907
0 0.064453 0.892361 0.066406 0.094907
0 0.057943 0.665509 0.066406 0.094907
0 0.925130 0.600694 0.066406 0.094907
0 0.926432 0.952546 0.066406 0.094907
0 0.507161 0.221065 0.066406 0.094907
0 0.503255 0.309028 0.066406 0.094907
0 0.357422 0.246528 0.066406 0.094907
