0 0.104818 0.539352 0.113281 0.189815
0 0.608724 0.732639 0.113281 0.159722
0 0.057292 0.187500 0.111979 0.189815
0 0.171224 0.277778 0.113281 0.189815
0 0.319661 0.430556 0.113281 0.189815
0 0.486328 0.898148 0.113281 0.189815
0 0.057292 0.893519 0.111979 0.189815
0 0.081380 0.745370 0.113281 0.189815
0 0.633464 0.586806 0.113281 0.159722
0 0.886068 0.637731 0.113281 0.159722
0 0.836589 0.811343 0.113281 0.159722
0 0.663411 0.369213 0.113281 0.159722
0 0.537109 0.241898 0.113281 0.159722
0 0.828125 0.049769 0.098958 0.094907
0 0.908203 0.146991 0.113281 0.159722
0 0.166016 0.045139 0.128906 0.085648
