0 0.081380 0.229167 0.058594 0.101852
0 0.495443 0.354167 0.058594 0.101852
0 0.177734 0.069444 0.058594 0.101852
0 0.317057 0.081019 0.058594 0.101852
0 0.022135 0.638889 0.041667 0.097222
0 0.029948 0.377315 0.057292 0.101852
0 0.215495 0.437500 0.058594 0.101852
0 0.690755 0.451389 0.058594 0.101852
0 0.382161 0.439815 0.058594 0.101852
0 0.445312 0.211806 0.070312 0.118056
0 0.516276 0.222222 0.058594 0.101852
0 0.527344 0.127315 0.078125 0.097222
0 0.343099 0.312500 0.058594 0.101852
0 0.751953 0.090278 0.058594 0.101852
0 0.689453 0.085648 0.058594 0.101852
0 0.531901 0.798611 0.058594 0.101852
0 0.402995 0.777778 0.058594 0.101852
0 0.664714 0.615741 0.058594 0.101852
0 0.768880 0.569444 0.058594 0.101852
0 0.921224 0.643519 0.058594 0.101852
0 0.708984 0.324074 0.058594 0.101852
0 0.970052 0.270833 0.059896 0.101852
0 0.864583 0.108796 0.067708 0.125000
0 0.482422 0.685185 0.058594 0.101852
0 0.468099 0.907407 0.058594 0.101852
0 0.697266 0.787037 0.058594 0.101852
0 0.869141 0.900463 0.058594 0.101852
0 0.940755 0.803241 0.058594 0.101852
0 0.179036 0.666667 0.058594 0.101852
0 0.149089 0.879630 0.058594 0.101852
0 0.253255 0.928241 0.058594 0.101852
0 0.568359 0.631944 0.058594 0.101852
0 0.150391 0.458333 0.058594 0.101852
0 0.701172 0.891204 0.058594 0.101852
