115 0.466146 0.759259 0.320312 0.212963
115 0.074870 0.821759 0.126302 0.319444
115 0.098307 0.608796 0.089844 0.189815
115 0.072917 0.232639 0.109375 0.442130
115 0.350911 0.545139 0.321615 0.252315
115 0.343099 0.128472 0.115885 0.252315
115 0.519531 0.454861 0.114583 0.289352
115 0.444010 0.377315 0.098958 0.259259
115 0.182943 0.888889 0.102865 0.222222
115 0.807292 0.711806 0.252604 0.155093
115 0.630208 0.129630 0.166667 0.208333
115 0.514974 0.186343 0.105469 0.312500
115 0.429688 0.131944 0.088542 0.226852
115 0.877604 0.142361 0.197917 0.280093
115 0.897135 0.300926 0.192708 0.226852
115 0.902344 0.506944 0.195312 0.245370
115 0.634766 0.465278 0.139323 0.189815
115 0.720703 0.310185 0.121094 0.148148
