114 0.309245 0.781250 0.256510 0.127315
114 0.132812 0.721065 0.229167 0.150463
114 0.112630 0.928241 0.222656 0.134259
114 0.094401 0.625000 0.170573 0.083333
114 0.219401 0.562500 0.105469 0.120370
114 0.320964 0.592593 0.131510 0.064815
114 0.475260 0.771991 0.093750 0.233796
114 0.604818 0.814815 0.131510 0.194444
114 0.746745 0.728009 0.126302 0.155093
114 0.831380 0.885417 0.162760 0.224537
114 0.365234 0.504630 0.089844 0.069444
114 0.526042 0.490741 0.075521 0.106481
114 0.236328 0.445602 0.128906 0.048611
114 0.783203 0.569444 0.141927 0.092593
114 0.900391 0.320602 0.061198 0.025463
114 0.350911 0.339120 0.061198 0.016204
114 0.372396 0.370370 0.070312 0.023148
114 0.646484 0.293981 0.037760 0.027778
114 0.554688 0.295139 0.057292 0.048611
114 0.910807 0.635417 0.082031 0.090278
114 0.966146 0.798611 0.067708 0.097222
114 0.807292 0.418981 0.111979 0.064815
