0 0.270833 0.578704 0.104167 0.166667
0 0.820312 0.706019 0.104167 0.166667
0 0.571615 0.796296 0.104167 0.166667
0 0.532552 0.643519 0.104167 0.166667
0 0.052734 0.916667 0.102865 0.166667
0 0.272135 0.282407 0.104167 0.166667
0 0.196615 0.173611 0.104167 0.166667
0 0.947917 0.310185 0.104167 0.166667
0 0.839844 0.180556 0.104167 0.166667
0 0.621094 0.333333 0.104167 0.166667
0 0.770833 0.335648 0.104167 0.166667
0 0.234375 0.449074 0.104167 0.166667
0 0.968750 0.912037 0.062500 0.152778
0 0.617188 0.061343 0.085938 0.118056
0 0.783203 0.061343 0.092448 0.118056
0 0.695312 0.068287 0.091146 0.131944
