0 0.352214 0.509259 0.105469 0.157407
0 0.242839 0.703704 0.055990 0.097222
0 0.493490 0.775463 0.078125 0.111111
0 0.509115 0.901620 0.080729 0.118056
0 0.281901 0.777778 0.071615 0.129630
0 0.408854 0.053241 0.067708 0.097222
0 0.369141 0.200231 0.048177 0.094907
0 0.393880 0.129630 0.063802 0.087963
0 0.458984 0.212963 0.069010 0.106481
0 0.305339 0.091435 0.084635 0.108796
0 0.035807 0.084491 0.069010 0.141204
0 0.113932 0.638889 0.105469 0.157407
0 0.414714 0.708333 0.105469 0.157407
0 0.870443 0.828704 0.105469 0.157407
0 0.617839 0.247685 0.105469 0.157407
0 0.595703 0.377315 0.105469 0.157407
0 0.085286 0.337963 0.105469 0.157407
0 0.222656 0.818287 0.070312 0.099537
0 0.724609 0.831019 0.087240 0.111111
0 0.155599 0.483796 0.079427 0.101852
0 0.216146 0.136574 0.070312 0.083333
0 0.160156 0.415509 0.080729 0.104167
0 0.730469 0.159722 0.070312 0.097222
0 0.754557 0.283565 0.095052 0.108796
0 0.947266 0.671296 0.105469 0.157407
0 0.947266 0.418981 0.105469 0.157407
