0 0.102865 0.216435 0.135417 0.210648
0 0.688802 0.315972 0.135417 0.210648
0 0.506510 0.186343 0.135417 0.210648
0 0.363281 0.818287 0.143229 0.192130
0 0.432292 0.633102 0.122396 0.159722
0 0.149089 0.067130 0.139323 0.129630
0 0.035156 0.310185 0.067708 0.194444
0 0.794922 0.899306 0.118490 0.201389
0 0.678385 0.915509 0.114583 0.168981
0 0.835286 0.731481 0.134115 0.171296
0 0.572917 0.586806 0.135417 0.210648
0 0.083333 0.765046 0.098958 0.145833
0 0.035807 0.503472 0.069010 0.229167
0 0.949870 0.473380 0.100260 0.145833
0 0.027995 0.895833 0.053385 0.175926
0 0.324219 0.927083 0.098958 0.145833
0 0.703125 0.707176 0.119792 0.164352
