0 0.232422 0.501157 0.071615 0.118056
0 0.152995 0.211806 0.071615 0.118056
0 0.326172 0.276620 0.071615 0.118056
0 0.516276 0.556713 0.071615 0.118056
0 0.570964 0.262731 0.071615 0.118056
0 0.070964 0.060185 0.071615 0.115741
0 0.097005 0.170139 0.071615 0.118056
0 0.106120 0.413194 0.071615 0.118056
0 0.195964 0.230324 0.071615 0.118056
0 0.732422 0.109954 0.071615 0.118056
0 0.236328 0.940972 0.071615 0.118056
0 0.147786 0.656250 0.071615 0.118056
0 0.063151 0.478009 0.071615 0.118056
0 0.272135 0.060185 0.070312 0.115741
0 0.802734 0.635417 0.071615 0.118056
0 0.436849 0.478009 0.071615 0.118056
0 0.369141 0.607639 0.071615 0.118056
0 0.781901 0.255787 0.071615 0.118056
0 0.916016 0.060185 0.071615 0.115741
0 0.962891 0.723380 0.071615 0.118056
0 0.922526 0.626157 0.071615 0.118056
0 0.608724 0.547454 0.071615 0.118056
0 0.569661 0.728009 0.071615 0.118056
0 0.827474 0.068287 0.071615 0.118056
0 0.504557 0.376157 0.071615 0.118056
0 0.401693 0.346065 0.071615 0.118056
