0 0.138672 0.300926 0.058594 0.101852
0 0.395182 0.067130 0.058594 0.101852
0 0.492839 0.245370 0.058594 0.101852
0 0.164714 0.050926 0.058594 0.097222
0 0.225911 0.081019 0.058594 0.101852
0 0.029948 0.527778 0.057292 0.101852
0 0.207682 0.655093 0.058594 0.101852
0 0.067057 0.777778 0.058594 0.101852
0 0.591797 0.754630 0.058594 0.101852
0 0.413411 0.893519 0.058594 0.101852
0 0.022135 0.387731 0.041667 0.104167
0 0.724609 0.180556 0.058594 0.101852
0 0.676432 0.329861 0.069010 0.113426
0 0.600911 0.456019 0.058594 0.101852
0 0.498047 0.423611 0.058594 0.101852
0 0.848958 0.489583 0.059896 0.085648
0 0.703125 0.954861 0.059896 0.085648
0 0.945312 0.325231 0.059896 0.085648
0 0.885417 0.635417 0.059896 0.085648
0 0.750000 0.068287 0.059896 0.085648
0 0.636719 0.128472 0.059896 0.085648
0 0.891927 0.443287 0.059896 0.085648
0 0.287760 0.721065 0.059896 0.085648
0 0.309896 0.924769 0.059896 0.085648
0 0.895182 0.173611 0.058594 0.101852
0 0.944661 0.719907 0.058594 0.101852
0 0.488932 0.631944 0.058594 0.101852
0 0.093099 0.402778 0.058594 0.101852
