0 0.039062 0.452546 0.075521 0.173611
0 0.629557 0.902778 0.115885 0.171296
0 0.695312 0.660880 0.114583 0.178241
0 0.159505 0.075231 0.110677 0.145833
0 0.406901 0.168981 0.110677 0.208333
0 0.069010 0.916667 0.093750 0.166667
0 0.400391 0.375000 0.105469 0.175926
0 0.052083 0.199074 0.101562 0.199074
0 0.682292 0.196759 0.117188 0.171296
0 0.831380 0.435185 0.115885 0.171296
0 0.811849 0.586806 0.128906 0.210648
0 0.938151 0.072917 0.115885 0.141204
0 0.741536 0.045139 0.113281 0.085648
0 0.922526 0.241898 0.084635 0.131944
0 0.962240 0.335648 0.070312 0.175926
0 0.227865 0.932870 0.153646 0.134259
