0 0.274089 0.407407 0.084635 0.138889
0 0.936849 0.462963 0.084635 0.138889
0 0.652995 0.416667 0.084635 0.138889
0 0.102214 0.548611 0.084635 0.138889
0 0.132161 0.699074 0.084635 0.138889
0 0.326172 0.793981 0.084635 0.138889
0 0.514974 0.846065 0.079427 0.122685
0 0.480469 0.211806 0.075521 0.127315
0 0.072917 0.269676 0.067708 0.108796
0 0.376302 0.211806 0.067708 0.108796
0 0.034505 0.734954 0.066406 0.108796
0 0.057292 0.427083 0.067708 0.108796
0 0.468750 0.098380 0.067708 0.108796
0 0.167969 0.054398 0.067708 0.104167
0 0.124349 0.902778 0.058594 0.083333
0 0.918620 0.064815 0.058594 0.083333
0 0.129557 0.958333 0.058594 0.083333
0 0.848307 0.474537 0.058594 0.083333
0 0.818359 0.432870 0.058594 0.083333
0 0.767578 0.307870 0.058594 0.083333
0 0.865234 0.861111 0.058594 0.083333
0 0.684245 0.877315 0.058594 0.083333
0 0.236328 0.041667 0.058594 0.078704
0 0.731120 0.196759 0.058594 0.083333
0 0.418620 0.481481 0.058594 0.083333
0 0.875651 0.252315 0.058594 0.083333
0 0.672526 0.081019 0.058594 0.083333
0 0.716797 0.236111 0.058594 0.083333
