0 0.067057 0.452546 0.128906 0.187500
0 0.114583 0.174769 0.135417 0.201389
0 0.434896 0.475694 0.135417 0.201389
0 0.500000 0.320602 0.135417 0.201389
0 0.403646 0.702546 0.135417 0.201389
0 0.714193 0.876157 0.128906 0.187500
0 0.710286 0.480324 0.128906 0.187500
0 0.435547 0.074074 0.123698 0.143519
0 0.926432 0.575231 0.128906 0.187500
0 0.862630 0.788194 0.128906 0.187500
0 0.780599 0.674769 0.128906 0.187500
0 0.280599 0.885417 0.128906 0.187500
0 0.963542 0.846065 0.072917 0.136574
0 0.804036 0.133102 0.128906 0.187500
0 0.182943 0.951389 0.105469 0.097222
0 0.128255 0.630787 0.128906 0.187500
