0 0.225260 0.458333 0.057292 0.111111
0 0.048177 0.833333 0.057292 0.111111
0 0.200521 0.347222 0.057292 0.111111
0 0.201823 0.118056 0.057292 0.111111
0 0.583333 0.326389 0.057292 0.111111
0 0.446615 0.581019 0.057292 0.111111
0 0.308594 0.328704 0.057292 0.111111
0 0.477865 0.907407 0.057292 0.111111
0 0.226562 0.923611 0.057292 0.111111
0 0.261719 0.766204 0.057292 0.111111
0 0.111979 0.956019 0.052083 0.087963
0 0.048177 0.421296 0.057292 0.111111
0 0.835938 0.875000 0.057292 0.111111
0 0.632812 0.099537 0.057292 0.111111
0 0.779948 0.395833 0.057292 0.111111
0 0.507812 0.219907 0.057292 0.111111
0 0.709635 0.625000 0.057292 0.111111
0 0.841146 0.964120 0.057292 0.071759
0 0.968750 0.266204 0.057292 0.111111
0 0.167969 0.530093 0.057292 0.111111
0 0.289062 0.252315 0.057292 0.111111
0 0.416667 0.865741 0.057292 0.111111
0 0.704427 0.321759 0.057292 0.111111
