30 0.097656 0.631944 0.182292 0.351852
30 0.268880 0.846065 0.209635 0.196759
30 0.082031 0.923611 0.104167 0.152778
30 0.022786 0.277778 0.042969 0.129630
30 0.271484 0.598380 0.162760 0.344907
30 0.688802 0.107639 0.111979 0.210648
30 0.490234 0.258102 0.157552 0.178241
30 0.440104 0.417824 0.106771 0.247685
30 0.580729 0.365741 0.078125 0.166667
30 0.640625 0.503472 0.184896 0.215278
30 0.819010 0.395833 0.140625 0.245370
30 0.873047 0.733796 0.097656 0.268519
30 0.526042 0.630787 0.223958 0.178241
30 0.097005 0.206019 0.173177 0.379630
