0 0.256510 0.378472 0.151042 0.215278
0 0.957031 0.287037 0.085938 0.166667
0 0.924479 0.142361 0.140625 0.173611
0 0.858724 0.177083 0.113281 0.192130
0 0.368490 0.108796 0.151042 0.212963
0 0.605469 0.290509 0.151042 0.215278
0 0.220052 0.521991 0.151042 0.215278
0 0.136719 0.718750 0.151042 0.215278
0 0.076172 0.422454 0.149740 0.215278
0 0.811198 0.871528 0.151042 0.215278
0 0.249349 0.932870 0.188802 0.134259
0 0.621094 0.892361 0.151042 0.215278
0 0.832031 0.355324 0.151042 0.215278
0 0.825521 0.621528 0.151042 0.215278
