0 0.150391 0.428241 0.079427 0.083333
0 0.111328 0.567130 0.087240 0.115741
0 0.046224 0.287037 0.087240 0.115741
0 0.620443 0.405093 0.087240 0.115741
0 0.708984 0.134259 0.087240 0.115741
0 0.578776 0.810185 0.087240 0.115741
0 0.668620 0.546296 0.087240 0.115741
0 0.556641 0.439815 0.087240 0.115741
0 0.749349 0.395833 0.087240 0.115741
0 0.746745 0.391204 0.087240 0.115741
0 0.235026 0.875000 0.071615 0.092593
0 0.352214 0.936343 0.076823 0.071759
0 0.736328 0.738426 0.087240 0.115741
0 0.956380 0.201389 0.087240 0.115741
0 0.913411 0.428241 0.087240 0.115741
0 0.043620 0.534722 0.084635 0.115741
0 0.198568 0.597222 0.087240 0.115741
0 0.449870 0.166667 0.087240 0.115741
0 0.643880 0.261574 0.087240 0.115741
0 0.150391 0.238426 0.087240 0.115741
0 0.244141 0.059028 0.087240 0.113426
0 0.461589 0.421296 0.087240 0.115741
0 0.406901 0.854167 0.087240 0.115741
0 0.818359 0.907407 0.087240 0.115741
0 0.740234 0.925926 0.087240 0.115741
0 0.908203 0.942130 0.087240 0.115741
