0 0.118490 0.405093 0.119792 0.203704
0 0.485677 0.724537 0.119792 0.203704
0 0.479167 0.402778 0.119792 0.203704
0 0.226562 0.671296 0.119792 0.203704
0 0.140625 0.768519 0.119792 0.203704
0 0.717448 0.835648 0.119792 0.203704
0 0.582031 0.745370 0.119792 0.203704
0 0.342448 0.898148 0.119792 0.203704
0 0.940104 0.861111 0.119792 0.203704
0 0.819010 0.636574 0.101562 0.166667
0 0.920573 0.145833 0.119792 0.203704
0 0.895833 0.747685 0.088542 0.148148
0 0.767578 0.724537 0.066406 0.138889
0 0.579427 0.550926 0.088542 0.148148
0 0.044922 0.923611 0.087240 0.148148
0 0.075521 0.518519 0.088542 0.148148
0 0.578125 0.068287 0.158854 0.131944
0 0.060547 0.103009 0.118490 0.201389
