0 0.241536 0.401620 0.092448 0.127315
0 0.046875 0.711806 0.091146 0.127315
0 0.837891 0.843750 0.092448 0.127315
0 0.647786 0.614583 0.092448 0.127315
0 0.608724 0.406250 0.092448 0.127315
0 0.455078 0.204861 0.092448 0.127315
0 0.307943 0.776620 0.092448 0.127315
0 0.054688 0.538194 0.072917 0.108796
0 0.032552 0.112269 0.062500 0.104167
0 0.475260 0.577546 0.072917 0.108796
0 0.399740 0.480324 0.072917 0.108796
0 0.285156 0.892361 0.072917 0.108796
0 0.100260 0.906250 0.072917 0.108796
0 0.358724 0.177083 0.063802 0.104167
0 0.435547 0.065972 0.063802 0.104167
0 0.193359 0.043981 0.087240 0.083333
0 0.620443 0.846065 0.063802 0.104167
0 0.488932 0.859954 0.063802 0.104167
0 0.835286 0.218750 0.063802 0.104167
0 0.663411 0.054398 0.063802 0.104167
0 0.697266 0.232639 0.063802 0.104167
0 0.683594 0.165509 0.065104 0.104167
0 0.670573 0.913194 0.070312 0.118056
0 0.781250 0.406250 0.070312 0.118056
0 0.930990 0.461806 0.070312 0.118056
0 0.852865 0.482639 0.070312 0.118056
0 0.596354 0.728009 0.070312 0.118056
0 0.324219 0.605324 0.070312 0.118056
0 0.106771 0.820602 0.070312 0.118056
0 0.883464 0.912037 0.066406 0.092593
0 0.753906 0.306713 0.070312 0.118056
0 0.834635 0.584491 0.070312 0.118056
0 0.744792 0.688657 0.070312 0.118056
0 0.916667 0.320602 0.070312 0.118056
0 0.761719 0.925926 0.054688 0.101852
