0 0.264323 0.577546 0.122396 0.178241
0 0.735677 0.663194 0.122396 0.178241
0 0.542969 0.829861 0.122396 0.178241
0 0.415365 0.121528 0.122396 0.178241
0 0.501302 0.167824 0.122396 0.178241
0 0.397135 0.348380 0.122396 0.178241
0 0.442708 0.804398 0.122396 0.178241
0 0.139323 0.704861 0.122396 0.178241
0 0.138021 0.880787 0.122396 0.178241
0 0.207031 0.325231 0.122396 0.178241
0 0.304036 0.253472 0.076823 0.136574
0 0.972656 0.657407 0.054688 0.138889
0 0.958984 0.924769 0.082031 0.099537
0 0.746094 0.255787 0.088542 0.136574
0 0.794271 0.170139 0.122396 0.178241
