0 0.350260 0.239583 0.104167 0.182870
0 0.147135 0.076389 0.216146 0.134259
0 0.429036 0.071759 0.196615 0.138889
0 0.224609 0.375000 0.079427 0.078704
0 0.550130 0.657407 0.157552 0.148148
0 0.539062 0.795139 0.148438 0.099537
0 0.298177 0.738426 0.109375 0.115741
0 0.677083 0.929398 0.166667 0.099537
0 0.499349 0.261574 0.115885 0.134259
0 0.845703 0.190972 0.154948 0.196759
0 0.684245 0.107639 0.082031 0.155093
0 0.091797 0.368056 0.178385 0.166667
0 0.280599 0.549769 0.175781 0.159722
0 0.175130 0.504630 0.087240 0.106481
0 0.695964 0.524306 0.095052 0.118056
0 0.735677 0.375000 0.260417 0.199074
0 0.591146 0.534722 0.072917 0.129630
0 0.029297 0.686343 0.055990 0.131944
0 0.167318 0.761574 0.092448 0.189815
