0 0.050781 0.677083 0.096354 0.155093
0 0.227214 0.094907 0.074219 0.125000
0 0.319661 0.298611 0.084635 0.106481
0 0.197266 0.378472 0.079427 0.136574
0 0.057943 0.288194 0.079427 0.094907
0 0.356771 0.501157 0.096354 0.155093
0 0.108073 0.424769 0.096354 0.155093
0 0.242188 0.797454 0.096354 0.155093
0 0.062500 0.896991 0.096354 0.155093
0 0.873047 0.871528 0.082031 0.127315
0 0.754557 0.883102 0.082031 0.141204
0 0.740885 0.619213 0.096354 0.155093
0 0.609375 0.612269 0.096354 0.155093
0 0.516276 0.766204 0.071615 0.097222
0 0.509766 0.876157 0.087240 0.118056
0 0.240234 0.927083 0.071615 0.081019
0 0.377604 0.620370 0.088542 0.083333
0 0.742188 0.142361 0.057292 0.099537
0 0.547526 0.296296 0.063802 0.111111
0 0.307943 0.072917 0.053385 0.081019
0 0.363281 0.153935 0.065104 0.099537
0 0.401693 0.114583 0.037760 0.076389
0 0.835286 0.148148 0.048177 0.083333
0 0.962240 0.339120 0.059896 0.099537
0 0.612630 0.111111 0.048177 0.083333
0 0.649740 0.027778 0.039062 0.050926
0 0.435547 0.083333 0.048177 0.083333
0 0.546224 0.042824 0.048177 0.081019
0 0.500651 0.067130 0.048177 0.083333
0 0.472656 0.038194 0.026042 0.039352
0 0.596354 0.045139 0.046875 0.076389
0 0.819661 0.291667 0.063802 0.111111
0 0.388672 0.321759 0.063802 0.111111
0 0.655599 0.182870 0.042969 0.087963
