0 0.669271 0.622685 0.109375 0.166667
0 0.821615 0.747685 0.109375 0.166667
0 0.489583 0.525463 0.109375 0.166667
0 0.385417 0.763889 0.109375 0.166667
0 0.188802 0.520833 0.109375 0.166667
0 0.541667 0.171296 0.109375 0.166667
0 0.368490 0.152778 0.109375 0.166667
0 0.589844 0.467593 0.109375 0.166667
0 0.945312 0.405093 0.109375 0.166667
0 0.148438 0.164352 0.109375 0.166667
0 0.054688 0.084491 0.106771 0.164352
0 0.945312 0.217593 0.109375 0.166667
0 0.945312 0.750000 0.109375 0.166667
0 0.285156 0.916667 0.109375 0.166667
