0 0.252604 0.528935 0.083333 0.113426
0 0.375000 0.623843 0.083333 0.113426
0 0.282552 0.761574 0.062500 0.087963
0 0.503906 0.728009 0.083333 0.113426
0 0.514323 0.325231 0.083333 0.113426
0 0.361979 0.163194 0.083333 0.113426
0 0.092448 0.521991 0.067708 0.090278
0 0.148438 0.327546 0.083333 0.113426
0 0.734375 0.755787 0.083333 0.113426
0 0.403646 0.427083 0.083333 0.113426
0 0.703125 0.447917 0.083333 0.113426
0 0.268229 0.923611 0.065104 0.092593
0 0.652995 0.366898 0.053385 0.067130
0 0.540365 0.418981 0.062500 0.092593
0 0.757812 0.228009 0.083333 0.113426
0 0.187500 0.072917 0.083333 0.113426
0 0.132812 0.408565 0.067708 0.090278
0 0.029948 0.361111 0.057292 0.097222
0 0.919271 0.322917 0.083333 0.113426
0 0.914062 0.480324 0.083333 0.113426
0 0.863281 0.600694 0.083333 0.113426
0 0.930990 0.883102 0.083333 0.113426
0 0.731771 0.869213 0.083333 0.113426
0 0.854167 0.218750 0.083333 0.113426
0 0.528646 0.040509 0.085938 0.076389
0 0.576823 0.856481 0.062500 0.092593
0 0.554688 0.951389 0.062500 0.092593
0 0.645833 0.692130 0.062500 0.092593
0 0.746094 0.564815 0.062500 0.092593
0 0.247396 0.598380 0.057292 0.071759
0 0.660807 0.305556 0.066406 0.055556
0 0.214844 0.226852 0.049479 0.078704
0 0.301432 0.118056 0.045573 0.083333
