0 0.423177 0.163194 0.104167 0.131944
0 0.453125 0.371528 0.104167 0.131944
0 0.695312 0.693287 0.104167 0.131944
0 0.970703 0.410880 0.058594 0.127315
0 0.571615 0.327546 0.104167 0.131944
0 0.611979 0.413194 0.104167 0.131944
0 0.899740 0.420139 0.104167 0.131944
0 0.920573 0.151620 0.104167 0.131944
0 0.755208 0.262731 0.104167 0.131944
0 0.720052 0.158565 0.104167 0.131944
0 0.263021 0.693287 0.104167 0.131944
0 0.029948 0.655093 0.057292 0.111111
0 0.266276 0.153935 0.095052 0.127315
0 0.066406 0.278935 0.104167 0.131944
0 0.054688 0.065972 0.104167 0.127315
0 0.619792 0.184028 0.104167 0.131944
0 0.134115 0.283565 0.104167 0.131944
0 0.489583 0.591435 0.104167 0.131944
0 0.946615 0.934028 0.104167 0.131944
0 0.812500 0.528935 0.104167 0.131944
0 0.795573 0.924769 0.104167 0.131944
0 0.475260 0.934028 0.104167 0.131944
0 0.300781 0.862269 0.104167 0.131944
0 0.473958 0.841435 0.104167 0.131944
0 0.320312 0.552083 0.104167 0.131944
0 0.480469 0.656250 0.104167 0.131944
