0 0.493490 0.315972 0.135417 0.219907
0 0.902995 0.582176 0.100260 0.173611
0 0.804036 0.590278 0.105469 0.175926
0 0.141927 0.334491 0.135417 0.219907
0 0.127604 0.802083 0.135417 0.219907
0 0.287760 0.665509 0.135417 0.219907
0 0.689453 0.912037 0.105469 0.175926
0 0.947266 0.685185 0.105469 0.175926
0 0.728516 0.685185 0.105469 0.175926
0 0.643880 0.708333 0.105469 0.175926
0 0.962240 0.171296 0.075521 0.180556
0 0.413411 0.701389 0.105469 0.175926
0 0.354818 0.886574 0.105469 0.175926
0 0.534505 0.041667 0.152344 0.078704
0 0.036458 0.082176 0.070312 0.150463
