0 0.412109 0.149306 0.084635 0.113426
0 0.565755 0.839120 0.084635 0.113426
0 0.451172 0.832176 0.084635 0.113426
0 0.264974 0.677083 0.084635 0.113426
0 0.279297 0.531250 0.084635 0.113426
0 0.957682 0.408565 0.084635 0.113426
0 0.835286 0.232639 0.084635 0.113426
0 0.716797 0.179398 0.084635 0.113426
0 0.940755 0.075231 0.084635 0.113426
0 0.805339 0.438657 0.084635 0.113426
0 0.021484 0.652778 0.040365 0.106481
0 0.063802 0.384259 0.054688 0.092593
0 0.029297 0.415509 0.053385 0.113426
0 0.126953 0.262731 0.084635 0.113426
0 0.557943 0.341435 0.084635 0.113426
0 0.447266 0.339120 0.084635 0.113426
0 0.615234 0.170139 0.084635 0.113426
0 0.261068 0.144676 0.084635 0.113426
0 0.783203 0.521991 0.084635 0.113426
0 0.957682 0.598380 0.084635 0.113426
0 0.749349 0.637731 0.084635 0.113426
0 0.453776 0.589120 0.084635 0.113426
0 0.048828 0.501157 0.084635 0.113426
0 0.189453 0.896991 0.084635 0.113426
0 0.418620 0.943287 0.084635 0.113426
0 0.576172 0.906250 0.084635 0.113426
0 0.813151 0.922454 0.084635 0.113426
0 0.840495 0.751157 0.084635 0.113426
0 0.917318 0.771991 0.084635 0.113426
0 0.068359 0.725694 0.084635 0.113426
0 0.137370 0.355324 0.084635 0.113426
0 0.711589 0.057870 0.084635 0.111111
0 0.477214 0.728009 0.084635 0.113426
0 0.362630 0.621528 0.084635 0.113426
