0 0.643880 0.587963 0.084635 0.180556
0 0.723958 0.145833 0.080729 0.106481
0 0.599609 0.129630 0.082031 0.106481
0 0.337240 0.300926 0.070312 0.097222
0 0.122396 0.444444 0.078125 0.125000
0 0.337891 0.553241 0.084635 0.180556
0 0.039062 0.690972 0.075521 0.141204
0 0.048828 0.824074 0.082031 0.138889
0 0.148438 0.802083 0.088542 0.141204
0 0.735026 0.643519 0.084635 0.180556
0 0.772135 0.810185 0.080729 0.115741
0 0.546875 0.769676 0.080729 0.136574
0 0.404948 0.331019 0.080729 0.106481
0 0.394531 0.627315 0.080729 0.106481
0 0.929688 0.333333 0.080729 0.106481
0 0.364583 0.182870 0.080729 0.106481
0 0.864583 0.898148 0.080729 0.106481
0 0.565104 0.870370 0.080729 0.106481
0 0.808594 0.300926 0.080729 0.106481
0 0.214844 0.108796 0.080729 0.106481
0 0.324219 0.099537 0.080729 0.106481
0 0.446615 0.131944 0.080729 0.106481
0 0.065104 0.293981 0.080729 0.106481
0 0.821615 0.171296 0.057292 0.101852
