0 0.233073 0.792824 0.075521 0.113426
0 0.092448 0.056713 0.075521 0.108796
0 0.210938 0.065972 0.075521 0.113426
0 0.173177 0.258102 0.075521 0.113426
0 0.050781 0.292824 0.075521 0.113426
0 0.108073 0.482639 0.075521 0.113426
0 0.080729 0.721065 0.075521 0.113426
0 0.111979 0.940972 0.075521 0.113426
0 0.355469 0.165509 0.075521 0.113426
0 0.412760 0.255787 0.075521 0.113426
0 0.255208 0.366898 0.075521 0.113426
0 0.593750 0.362269 0.075521 0.113426
0 0.055339 0.543981 0.048177 0.078704
0 0.319010 0.528935 0.075521 0.113426
0 0.941406 0.325231 0.075521 0.113426
0 0.658854 0.096065 0.075521 0.113426
0 0.824219 0.364583 0.075521 0.113426
0 0.764323 0.839120 0.075521 0.113426
0 0.727865 0.399306 0.075521 0.113426
0 0.638021 0.940972 0.075521 0.113426
0 0.095052 0.128472 0.065104 0.081019
0 0.962240 0.204861 0.075521 0.113426
0 0.712240 0.521991 0.075521 0.113426
