0 0.045573 0.666667 0.088542 0.162037
0 0.759115 0.884259 0.088542 0.162037
0 0.750000 0.613426 0.088542 0.162037
0 0.058594 0.912037 0.088542 0.162037
0 0.604167 0.590278 0.088542 0.162037
0 0.109375 0.418981 0.088542 0.162037
0 0.869141 0.866898 0.097656 0.122685
0 0.201823 0.375000 0.088542 0.162037
0 0.499349 0.864583 0.102865 0.118056
0 0.501302 0.769676 0.096354 0.104167
0 0.367188 0.500000 0.088542 0.162037
0 0.246094 0.787037 0.088542 0.162037
0 0.949219 0.356481 0.101562 0.125000
0 0.244141 0.935185 0.100260 0.106481
0 0.370443 0.636574 0.095052 0.101852
0 0.309245 0.289352 0.087240 0.129630
0 0.221354 0.093750 0.054688 0.081019
0 0.830729 0.160880 0.054688 0.081019
0 0.744792 0.142361 0.054688 0.081019
0 0.596354 0.048611 0.044271 0.074074
0 0.544271 0.042824 0.054688 0.081019
0 0.494792 0.067130 0.033854 0.074074
0 0.438802 0.070602 0.054688 0.081019
0 0.302083 0.079861 0.054688 0.081019
0 0.356771 0.153935 0.054688 0.081019
0 0.174479 0.042824 0.054688 0.081019
0 0.045573 0.292824 0.054688 0.081019
0 0.375000 0.320602 0.054688 0.081019
0 0.134115 0.144676 0.054688 0.081019
0 0.549479 0.284722 0.054688 0.101852
0 0.648438 0.040509 0.054688 0.076389
0 0.227865 0.114583 0.054688 0.081019
0 0.029948 0.531250 0.054688 0.081019
0 0.408854 0.112269 0.054688 0.081019
0 0.657552 0.160880 0.054688 0.081019
