0 0.434896 0.248843 0.072917 0.131944
0 0.707031 0.336806 0.072917 0.131944
0 0.352865 0.123843 0.072917 0.131944
0 0.036458 0.568287 0.070312 0.131944
0 0.179688 0.082176 0.072917 0.131944
0 0.036458 0.089120 0.070312 0.131944
0 0.044271 0.295139 0.072917 0.131944
0 0.134115 0.466435 0.072917 0.131944
0 0.144531 0.790509 0.072917 0.131944
0 0.305990 0.584491 0.072917 0.131944
0 0.187500 0.385417 0.072917 0.131944
0 0.848958 0.690972 0.072917 0.131944
0 0.963542 0.482639 0.072917 0.131944
0 0.721354 0.144676 0.072917 0.131944
0 0.805990 0.336806 0.072917 0.131944
0 0.610677 0.475694 0.072917 0.131944
0 0.651042 0.934028 0.072917 0.131944
