0 0.125651 0.444444 0.069010 0.111111
0 0.228516 0.907407 0.069010 0.111111
0 0.573568 0.854167 0.069010 0.111111
0 0.741536 0.666667 0.084635 0.129630
0 0.560547 0.770833 0.069010 0.111111
0 0.179036 0.664352 0.069010 0.111111
0 0.315104 0.578704 0.091146 0.125000
0 0.145182 0.800926 0.076823 0.138889
0 0.035156 0.675926 0.067708 0.111111
0 0.035156 0.759259 0.067708 0.111111
0 0.942057 0.636574 0.069010 0.111111
0 0.097005 0.509259 0.069010 0.111111
0 0.876953 0.909722 0.069010 0.111111
0 0.788411 0.803241 0.069010 0.111111
0 0.561198 0.315972 0.057292 0.104167
0 0.814453 0.307870 0.069010 0.111111
0 0.660156 0.596065 0.072917 0.127315
0 0.940755 0.331019 0.069010 0.111111
0 0.614583 0.929398 0.057292 0.104167
0 0.729167 0.158565 0.057292 0.104167
0 0.312500 0.089120 0.057292 0.104167
0 0.404948 0.322917 0.057292 0.104167
0 0.358073 0.297454 0.057292 0.104167
0 0.029297 0.053241 0.055990 0.101852
0 0.361979 0.179398 0.057292 0.104167
0 0.231771 0.109954 0.057292 0.104167
0 0.449219 0.128472 0.057292 0.104167
0 0.238281 0.025463 0.057292 0.046296
0 0.163411 0.033565 0.069010 0.062500
0 0.059896 0.278935 0.057292 0.104167
0 0.647135 0.195602 0.057292 0.104167
0 0.877604 0.258102 0.057292 0.104167
0 0.651042 0.053241 0.057292 0.101852
0 0.542969 0.059028 0.036458 0.071759
0 0.828125 0.156250 0.057292 0.104167
0 0.113932 0.364583 0.045573 0.071759
0 0.339193 0.969907 0.061198 0.060185
0 0.425781 0.711806 0.057292 0.104167
