0 0.071615 0.314815 0.109375 0.148148
0 0.496094 0.313657 0.080729 0.118056
0 0.934896 0.175926 0.091146 0.152778
0 0.354167 0.509259 0.109375 0.148148
0 0.885417 0.821759 0.109375 0.148148
0 0.395833 0.717593 0.109375 0.148148
0 0.634115 0.217593 0.091146 0.125000
0 0.606120 0.357639 0.079427 0.150463
0 0.113932 0.638889 0.089844 0.134259
0 0.217448 0.123843 0.054688 0.099537
0 0.405599 0.048611 0.069010 0.083333
0 0.397135 0.140046 0.054688 0.099537
0 0.360677 0.193287 0.054688 0.099537
0 0.309896 0.089120 0.054688 0.099537
0 0.147135 0.408565 0.054688 0.099537
0 0.271484 0.765046 0.087240 0.118056
0 0.042318 0.071759 0.082031 0.129630
0 0.487630 0.774306 0.087240 0.118056
0 0.495443 0.901620 0.087240 0.118056
0 0.151693 0.883102 0.087240 0.118056
0 0.619141 0.064815 0.050781 0.097222
0 0.725260 0.142361 0.052083 0.104167
0 0.748047 0.262731 0.087240 0.118056
0 0.697266 0.861111 0.076823 0.106481
0 0.944010 0.383102 0.106771 0.131944
0 0.303385 0.371528 0.052083 0.094907
0 0.206380 0.491898 0.074219 0.104167
0 0.233724 0.837963 0.053385 0.078704
0 0.247396 0.681713 0.062500 0.094907
