0 0.147786 0.658565 0.061198 0.108796
0 0.024089 0.665509 0.045573 0.118056
0 0.796224 0.545139 0.061198 0.108796
0 0.492839 0.413194 0.061198 0.108796
0 0.473307 0.339120 0.061198 0.108796
0 0.205078 0.255787 0.061198 0.108796
0 0.031250 0.339120 0.059896 0.108796
0 0.031250 0.746528 0.059896 0.108796
0 0.031250 0.945602 0.059896 0.108796
0 0.376953 0.526620 0.061198 0.108796
0 0.277995 0.732639 0.061198 0.108796
0 0.218099 0.570602 0.061198 0.108796
0 0.365234 0.276620 0.061198 0.108796
0 0.293620 0.466435 0.061198 0.108796
0 0.953776 0.055556 0.061198 0.106481
0 0.969401 0.542824 0.061198 0.108796
0 0.866536 0.357639 0.061198 0.108796
0 0.767578 0.253472 0.061198 0.108796
0 0.672526 0.204861 0.061198 0.108796
0 0.604818 0.670139 0.061198 0.108796
0 0.689453 0.535880 0.061198 0.108796
0 0.600911 0.802083 0.061198 0.108796
0 0.065755 0.098380 0.061198 0.108796
0 0.339193 0.055556 0.061198 0.106481
0 0.498047 0.542824 0.061198 0.108796
0 0.138672 0.077546 0.061198 0.108796
0 0.937500 0.962963 0.059896 0.074074
