0 0.447917 0.195602 0.072917 0.118056
0 0.036458 0.670139 0.070312 0.118056
0 0.072917 0.795139 0.072917 0.118056
0 0.300781 0.190972 0.072917 0.118056
0 0.164062 0.086806 0.072917 0.118056
0 0.134115 0.325231 0.072917 0.118056
0 0.037109 0.424769 0.071615 0.118056
0 0.342448 0.586806 0.072917 0.118056
0 0.643229 0.253472 0.072917 0.118056
0 0.798177 0.362269 0.072917 0.118056
0 0.502604 0.406250 0.072917 0.118056
0 0.329427 0.862269 0.072917 0.118056
0 0.117188 0.665509 0.072917 0.118056
0 0.699219 0.751157 0.072917 0.118056
0 0.895833 0.336806 0.072917 0.118056
0 0.739583 0.174769 0.072917 0.118056
0 0.678385 0.151620 0.072917 0.118056
0 0.791667 0.702546 0.072917 0.118056
0 0.524089 0.956019 0.076823 0.087963
0 0.453125 0.876157 0.072917 0.118056
0 0.963542 0.934028 0.072917 0.118056
0 0.554688 0.512731 0.072917 0.118056
0 0.263021 0.707176 0.072917 0.118056
0 0.814453 0.958333 0.076823 0.083333
0 0.793620 0.258102 0.050781 0.081019
0 0.821615 0.137731 0.072917 0.118056
0 0.963542 0.050926 0.072917 0.097222
