0 0.085938 0.520833 0.096354 0.180556
0 0.272135 0.254630 0.109375 0.180556
0 0.204427 0.585648 0.096354 0.180556
0 0.463542 0.111111 0.109375 0.180556
0 0.287760 0.724537 0.109375 0.180556
0 0.825521 0.275463 0.109375 0.180556
0 0.369792 0.865741 0.109375 0.180556
0 0.674479 0.483796 0.109375 0.180556
0 0.945312 0.567130 0.109375 0.180556
0 0.861979 0.625000 0.109375 0.180556
0 0.942708 0.562500 0.109375 0.180556
0 0.966146 0.864583 0.067708 0.164352
0 0.227214 0.062500 0.147135 0.120370
0 0.037760 0.383102 0.067708 0.164352
