0 0.376953 0.447917 0.097656 0.113426
0 0.454427 0.209491 0.067708 0.136574
0 0.534505 0.528935 0.097656 0.113426
0 0.550130 0.709491 0.097656 0.113426
0 0.318359 0.554398 0.097656 0.113426
0 0.082682 0.665509 0.097656 0.113426
0 0.244141 0.362269 0.097656 0.113426
0 0.149089 0.350694 0.097656 0.113426
0 0.270182 0.186343 0.097656 0.113426
0 0.819661 0.653935 0.097656 0.113426
0 0.916016 0.494213 0.097656 0.113426
0 0.770182 0.359954 0.097656 0.113426
0 0.569661 0.920139 0.097656 0.113426
0 0.255859 0.953704 0.095052 0.092593
0 0.199870 0.725694 0.097656 0.113426
0 0.384766 0.774306 0.097656 0.113426
0 0.705078 0.063657 0.097656 0.113426
0 0.895182 0.943287 0.097656 0.113426
0 0.673828 0.496528 0.097656 0.113426
0 0.772786 0.552083 0.097656 0.113426
0 0.951172 0.292824 0.097656 0.113426
0 0.606120 0.061343 0.063802 0.118056
0 0.516276 0.061343 0.097656 0.113426
