113 0.100911 0.523148 0.180990 0.180556
113 0.292969 0.086806 0.166667 0.155093
113 0.317708 0.530093 0.223958 0.120370
113 0.253255 0.690972 0.162760 0.243056
113 0.455729 0.439815 0.117188 0.356481
113 0.552083 0.298611 0.182292 0.231481
113 0.670573 0.222222 0.205729 0.203704
113 0.573568 0.518519 0.092448 0.212963
113 0.735026 0.537037 0.136719 0.226852
113 0.935547 0.457176 0.128906 0.243056
113 0.862630 0.792824 0.149740 0.303241
113 0.630859 0.803241 0.199219 0.148148
113 0.740885 0.546296 0.122396 0.185185
113 0.108724 0.898148 0.212240 0.171296
113 0.337240 0.267361 0.250000 0.178241
113 0.464844 0.739583 0.223958 0.196759
