0 0.101562 0.201389 0.117188 0.180556
0 0.341797 0.457176 0.121094 0.219907
0 0.072917 0.922454 0.114583 0.155093
0 0.104167 0.787037 0.117188 0.180556
0 0.174479 0.091435 0.117188 0.178241
0 0.171875 0.331019 0.117188 0.180556
0 0.173828 0.527778 0.123698 0.189815
0 0.598307 0.811343 0.121094 0.219907
0 0.650391 0.554398 0.121094 0.219907
0 0.507161 0.244213 0.121094 0.219907
0 0.824870 0.111111 0.121094 0.217593
0 0.701172 0.334491 0.121094 0.219907
0 0.500000 0.939815 0.122396 0.120370
0 0.884766 0.376157 0.121094 0.219907
0 0.796224 0.745370 0.102865 0.180556
0 0.835286 0.571759 0.102865 0.180556
