0 0.156250 0.326389 0.072917 0.129630
0 0.282552 0.170139 0.070312 0.136574
0 0.583333 0.442130 0.072917 0.129630
0 0.565104 0.724537 0.072917 0.129630
0 0.412760 0.585648 0.072917 0.129630
0 0.360677 0.761574 0.072917 0.129630
0 0.460938 0.226852 0.072917 0.129630
0 0.449219 0.425926 0.072917 0.129630
0 0.316406 0.555556 0.072917 0.129630
0 0.746094 0.082176 0.078125 0.136574
0 0.529948 0.534722 0.072917 0.129630
0 0.936198 0.469907 0.072917 0.129630
0 0.752604 0.351852 0.072917 0.129630
0 0.063802 0.638889 0.072917 0.129630
0 0.190104 0.741898 0.067708 0.076389
0 0.867188 0.659722 0.072917 0.129630
0 0.963542 0.747685 0.072917 0.129630
0 0.761719 0.814815 0.072917 0.129630
0 0.562500 0.935185 0.072917 0.129630
0 0.608724 0.047454 0.082031 0.090278
0 0.527995 0.048611 0.069010 0.092593
0 0.216146 0.847222 0.072917 0.129630
0 0.664062 0.490741 0.072917 0.129630
0 0.769531 0.541667 0.072917 0.129630
0 0.963542 0.270833 0.072917 0.129630
