0 0.113281 0.659722 0.085938 0.120370
0 0.354167 0.532407 0.085938 0.120370
0 0.414062 0.743056 0.085938 0.120370
0 0.071615 0.333333 0.085938 0.120370
0 0.492188 0.921296 0.085938 0.120370
0 0.886719 0.837963 0.085938 0.120370
0 0.171224 0.415509 0.087240 0.090278
0 0.635417 0.236111 0.085938 0.120370
0 0.598958 0.363426 0.085938 0.120370
0 0.392578 0.128472 0.076823 0.085648
0 0.957031 0.393519 0.085938 0.120370
0 0.486328 0.797454 0.079427 0.099537
0 0.231120 0.704861 0.069010 0.081019
0 0.276693 0.765046 0.063802 0.090278
0 0.227865 0.835648 0.049479 0.087963
0 0.043620 0.078704 0.084635 0.120370
0 0.212240 0.131944 0.085938 0.120370
0 0.045573 0.083333 0.085938 0.120370
0 0.358724 0.203704 0.055990 0.078704
0 0.304036 0.090278 0.063802 0.083333
0 0.410807 0.050926 0.055990 0.078704
0 0.610026 0.064815 0.055990 0.078704
0 0.744141 0.261574 0.055990 0.078704
0 0.735026 0.150463 0.055990 0.078704
0 0.159505 0.893519 0.055990 0.078704
0 0.707682 0.402778 0.055990 0.078704
0 0.703776 0.856481 0.055990 0.078704
