0 0.173177 0.349537 0.140625 0.208333
0 0.584635 0.437500 0.140625 0.208333
0 0.515625 0.666667 0.140625 0.208333
0 0.115885 0.493056 0.140625 0.208333
0 0.734375 0.400463 0.140625 0.208333
0 0.757812 0.113426 0.140625 0.208333
0 0.444010 0.105324 0.140625 0.206019
0 0.707031 0.684028 0.106771 0.201389
0 0.665365 0.559028 0.109375 0.182870
0 0.500000 0.856481 0.140625 0.208333
0 0.899089 0.787037 0.100260 0.175926
0 0.929688 0.629630 0.140625 0.208333
0 0.086589 0.934028 0.110677 0.131944
0 0.945964 0.946759 0.105469 0.106481
0 0.238281 0.065972 0.161458 0.127315
