0 0.227214 0.666667 0.149740 0.171296
0 0.117839 0.784722 0.149740 0.171296
0 0.593099 0.611111 0.128906 0.171296
0 0.451172 0.611111 0.149740 0.171296
0 0.096354 0.182870 0.164062 0.208333
0 0.735026 0.590278 0.149740 0.171296
0 0.595052 0.111111 0.156250 0.203704
0 0.592448 0.106481 0.156250 0.203704
0 0.589844 0.103009 0.156250 0.201389
0 0.718750 0.400463 0.156250 0.203704
0 0.768880 0.877315 0.149740 0.171296
0 0.815755 0.722222 0.149740 0.171296
0 0.197266 0.061343 0.186198 0.118056
0 0.283854 0.931713 0.130208 0.136574
0 0.049479 0.517361 0.096354 0.229167
