0 0.142578 0.304398 0.061198 0.122685
0 0.571615 0.439815 0.065104 0.092593
0 0.483724 0.232639 0.071615 0.118056
0 0.149089 0.039352 0.066406 0.074074
0 0.210286 0.077546 0.061198 0.122685
0 0.190755 0.640046 0.061198 0.122685
0 0.031250 0.679398 0.059896 0.122685
0 0.031250 0.392361 0.059896 0.122685
0 0.690104 0.608796 0.065104 0.092593
0 0.448568 0.621528 0.063802 0.108796
0 0.666667 0.322917 0.072917 0.099537
0 0.068359 0.765046 0.061198 0.122685
0 0.249349 0.880787 0.061198 0.122685
0 0.402995 0.887731 0.061198 0.122685
0 0.274089 0.709491 0.061198 0.122685
0 0.876953 0.593750 0.061198 0.122685
0 0.498047 0.965278 0.061198 0.069444
0 0.633464 0.934028 0.061198 0.122685
0 0.646484 0.755787 0.061198 0.122685
0 0.815755 0.475694 0.061198 0.122685
0 0.761068 0.195602 0.061198 0.122685
0 0.708984 0.177083 0.061198 0.122685
0 0.942057 0.346065 0.061198 0.122685
0 0.875651 0.438657 0.061198 0.122685
0 0.474609 0.427083 0.061198 0.122685
0 0.835938 0.696759 0.054688 0.101852
0 0.880859 0.778935 0.061198 0.122685
0 0.357422 0.438657 0.061198 0.122685
