0 0.330729 0.384259 0.080729 0.148148
0 0.197266 0.425926 0.079427 0.148148
0 0.054688 0.515046 0.080729 0.118056
0 0.039062 0.410880 0.062500 0.122685
0 0.143229 0.524306 0.083333 0.136574
0 0.251953 0.699074 0.100260 0.134259
0 0.417318 0.768519 0.079427 0.138889
0 0.402344 0.475694 0.088542 0.108796
0 0.531250 0.138889 0.098958 0.148148
0 0.645182 0.287037 0.113281 0.143519
0 0.757812 0.208333 0.127604 0.162037
0 0.824219 0.192130 0.096354 0.087963
0 0.706380 0.631944 0.089844 0.194444
0 0.514974 0.924769 0.118490 0.113426
0 0.773438 0.800926 0.111979 0.162037
0 0.905599 0.943287 0.100260 0.113426
0 0.083333 0.719907 0.093750 0.175926
0 0.285156 0.173611 0.075521 0.129630
0 0.474609 0.562500 0.071615 0.157407
0 0.896484 0.447917 0.087240 0.081019
0 0.596354 0.649306 0.078125 0.159722
0 0.611328 0.452546 0.079427 0.136574
0 0.324219 0.828704 0.072917 0.138889
