0 0.343099 0.714120 0.113281 0.192130
0 0.555339 0.873843 0.113281 0.192130
0 0.465495 0.635417 0.113281 0.192130
0 0.658203 0.677083 0.113281 0.192130
0 0.491536 0.415509 0.113281 0.192130
0 0.138672 0.700231 0.113281 0.192130
0 0.246094 0.693287 0.104167 0.150463
0 0.827474 0.642361 0.113281 0.192130
0 0.524089 0.116898 0.113281 0.192130
0 0.055990 0.746528 0.075521 0.131944
0 0.250651 0.207176 0.113281 0.192130
0 0.958333 0.070602 0.083333 0.136574
0 0.879557 0.192130 0.092448 0.157407
0 0.935547 0.954861 0.092448 0.085648
0 0.707031 0.932870 0.104167 0.134259
0 0.943359 0.406250 0.113281 0.192130
