0 0.150391 0.321759 0.061198 0.101852
0 0.132161 0.668981 0.061198 0.101852
0 0.470703 0.206019 0.061198 0.101852
0 0.034505 0.680556 0.061198 0.101852
0 0.684245 0.162037 0.061198 0.101852
0 0.358073 0.877315 0.070312 0.087963
0 0.145182 0.849537 0.076823 0.125000
0 0.650391 0.289352 0.061198 0.101852
0 0.531901 0.416667 0.061198 0.101852
0 0.617839 0.532407 0.061198 0.101852
0 0.383464 0.585648 0.061198 0.101852
0 0.802734 0.761574 0.061198 0.101852
0 0.696615 0.755787 0.078125 0.104167
0 0.173828 0.083333 0.061198 0.101852
0 0.347005 0.446759 0.061198 0.101852
0 0.086589 0.405093 0.061198 0.101852
0 0.041016 0.437500 0.061198 0.101852
0 0.807943 0.961806 0.071615 0.076389
0 0.453776 0.898148 0.061198 0.101852
0 0.546224 0.949074 0.061198 0.101852
0 0.266276 0.701389 0.061198 0.101852
0 0.805339 0.245370 0.061198 0.101852
0 0.742839 0.182870 0.061198 0.101852
0 0.889974 0.439815 0.061198 0.101852
0 0.755859 0.057870 0.061198 0.101852
0 0.814453 0.155093 0.061198 0.101852
0 0.870443 0.121528 0.053385 0.085648
0 0.906901 0.175926 0.061198 0.101852
0 0.361328 0.052083 0.061198 0.099537
0 0.969401 0.052083 0.061198 0.099537
0 0.817057 0.680556 0.061198 0.101852
0 0.807943 0.430556 0.061198 0.101852
