0 0.171224 0.812500 0.095052 0.152778
0 0.932943 0.336806 0.095052 0.131944
0 0.862630 0.908565 0.089844 0.127315
0 0.526042 0.875000 0.083333 0.115741
0 0.750651 0.812500 0.095052 0.152778
0 0.736328 0.615741 0.095052 0.152778
0 0.520833 0.761574 0.109375 0.125000
0 0.617839 0.601852 0.095052 0.152778
0 0.052734 0.837963 0.095052 0.152778
0 0.031901 0.687500 0.061198 0.152778
0 0.332682 0.548611 0.095052 0.152778
0 0.103516 0.451389 0.095052 0.152778
0 0.219401 0.099537 0.042969 0.074074
0 0.474609 0.050926 0.042969 0.074074
0 0.436849 0.101852 0.042969 0.074074
0 0.409505 0.127315 0.042969 0.074074
0 0.306641 0.078704 0.042969 0.074074
0 0.356771 0.165509 0.057292 0.081019
0 0.052083 0.290509 0.062500 0.081019
0 0.179688 0.160880 0.062500 0.057870
0 0.335938 0.306713 0.054688 0.122685
0 0.385417 0.309028 0.049479 0.099537
0 0.548828 0.303241 0.061198 0.097222
0 0.543620 0.040509 0.045573 0.067130
0 0.577474 0.020833 0.024740 0.032407
0 0.596354 0.052083 0.036458 0.062500
0 0.652344 0.028935 0.044271 0.053241
0 0.751953 0.156250 0.061198 0.076389
0 0.828125 0.163194 0.041667 0.076389
0 0.401042 0.614583 0.046875 0.090278
0 0.175781 0.677083 0.049479 0.094907
0 0.873047 0.237269 0.053385 0.071759
0 0.646484 0.180556 0.045573 0.078704
