7 0.257031 0.156250 0.251563 0.228125
7 0.052344 0.378125 0.101562 0.131250
7 0.725781 0.128906 0.395313 0.176563
7 0.307812 0.405469 0.153125 0.204687
7 0.210156 0.545312 0.170313 0.168750
7 0.527344 0.565625 0.210938 0.203125
7 0.184375 0.699219 0.203125 0.132812
7 0.746875 0.349219 0.303125 0.148438
7 0.916406 0.655469 0.167187 0.132812
7 0.828125 0.766406 0.156250 0.370312
7 0.452344 0.859375 0.289062 0.153125
7 0.478906 0.705469 0.229687 0.242188
7 0.707812 0.524219 0.159375 0.132812
7 0.871875 0.502344 0.184375 0.135937
