0 0.261719 0.500000 0.083333 0.115741
0 0.053385 0.717593 0.083333 0.115741
0 0.223958 0.763889 0.083333 0.115741
0 0.044271 0.532407 0.083333 0.115741
0 0.592448 0.793981 0.083333 0.115741
0 0.615885 0.402778 0.083333 0.115741
0 0.438802 0.231481 0.083333 0.115741
0 0.075521 0.319444 0.083333 0.115741
0 0.264323 0.802083 0.054688 0.094907
0 0.308594 0.287037 0.083333 0.115741
0 0.135417 0.175926 0.083333 0.115741
0 0.191406 0.407407 0.083333 0.115741
0 0.575521 0.479167 0.083333 0.115741
0 0.597656 0.064815 0.083333 0.115741
0 0.875000 0.268519 0.083333 0.115741
0 0.725260 0.266204 0.083333 0.115741
0 0.434896 0.493056 0.083333 0.115741
0 0.774740 0.317130 0.083333 0.115741
0 0.343750 0.092593 0.083333 0.115741
0 0.041667 0.168981 0.080729 0.115741
0 0.494792 0.057870 0.083333 0.111111
0 0.826823 0.840278 0.083333 0.115741
0 0.244792 0.057870 0.083333 0.111111
0 0.890625 0.696759 0.083333 0.115741
0 0.938802 0.057870 0.083333 0.111111
