0 0.180339 0.662037 0.074219 0.129630
0 0.465495 0.268519 0.074219 0.129630
0 0.716797 0.310185 0.074219 0.129630
0 0.759766 0.932870 0.074219 0.129630
0 0.549479 0.952546 0.085938 0.094907
0 0.599609 0.784722 0.074219 0.129630
0 0.632161 0.601852 0.074219 0.129630
0 0.141927 0.201389 0.059896 0.111111
0 0.180339 0.388889 0.074219 0.129630
0 0.442057 0.469907 0.074219 0.129630
0 0.517578 0.738426 0.074219 0.129630
0 0.083984 0.761574 0.074219 0.129630
0 0.236328 0.268519 0.066406 0.134259
0 0.539062 0.114583 0.052083 0.085648
0 0.859375 0.292824 0.052083 0.085648
0 0.867188 0.114583 0.052083 0.085648
0 0.279948 0.047454 0.052083 0.085648
0 0.511719 0.042824 0.052083 0.081019
0 0.822266 0.416667 0.053385 0.097222
0 0.888672 0.951389 0.053385 0.097222
0 0.787109 0.687500 0.053385 0.097222
0 0.750651 0.513889 0.053385 0.097222
0 0.248047 0.497685 0.053385 0.097222
0 0.973307 0.467593 0.053385 0.097222
