0 0.320312 0.358796 0.085938 0.120370
0 0.667969 0.118056 0.085938 0.120370
0 0.596354 0.293981 0.085938 0.120370
0 0.567708 0.532407 0.085938 0.120370
0 0.680990 0.564815 0.085938 0.120370
0 0.523438 0.807870 0.085938 0.120370
0 0.371094 0.939815 0.085938 0.120370
0 0.283854 0.939815 0.085938 0.120370
0 0.119792 0.569444 0.085938 0.120370
0 0.229167 0.620370 0.085938 0.120370
0 0.300781 0.092593 0.085938 0.120370
0 0.156250 0.173611 0.085938 0.120370
0 0.092448 0.282407 0.085938 0.120370
0 0.190104 0.437500 0.085938 0.120370
0 0.246094 0.886574 0.085938 0.120370
0 0.912760 0.939815 0.085938 0.120370
0 0.600260 0.696759 0.085938 0.120370
0 0.677083 0.886574 0.085938 0.120370
0 0.764323 0.770833 0.085938 0.120370
0 0.957031 0.196759 0.085938 0.120370
0 0.675781 0.291667 0.085938 0.120370
0 0.889323 0.365741 0.085938 0.120370
0 0.781250 0.386574 0.085938 0.120370
0 0.904948 0.631944 0.085938 0.120370
0 0.513021 0.275463 0.085938 0.120370
0 0.802083 0.907407 0.085938 0.120370
0 0.454427 0.060185 0.085938 0.115741
0 0.250000 0.199074 0.085938 0.120370
0 0.351562 0.844907 0.085938 0.120370
