0 0.207031 0.365741 0.059896 0.106481
0 0.588542 0.391204 0.065104 0.129630
0 0.100260 0.885417 0.065104 0.131944
0 0.582031 0.834491 0.065104 0.131944
0 0.464844 0.862269 0.065104 0.131944
0 0.308594 0.771991 0.065104 0.131944
0 0.032552 0.516204 0.062500 0.129630
0 0.180339 0.055556 0.061198 0.106481
0 0.441406 0.203704 0.065104 0.129630
0 0.852865 0.464120 0.059896 0.108796
0 0.764323 0.365741 0.059896 0.106481
0 0.825521 0.188657 0.059896 0.108796
0 0.655599 0.054398 0.061198 0.104167
0 0.686849 0.223380 0.061198 0.108796
0 0.654948 0.158565 0.059896 0.108796
0 0.352865 0.178241 0.059896 0.106481
0 0.384115 0.479167 0.059896 0.106481
0 0.186198 0.490741 0.059896 0.106481
0 0.904948 0.916667 0.059896 0.106481
0 0.911458 0.436343 0.059896 0.108796
0 0.674479 0.512731 0.059896 0.108796
0 0.416667 0.936343 0.059896 0.108796
0 0.660156 0.910880 0.059896 0.108796
0 0.835938 0.836806 0.059896 0.108796
0 0.828776 0.584491 0.061198 0.108796
0 0.969401 0.729167 0.061198 0.106481
0 0.029948 0.084491 0.057292 0.108796
0 0.429688 0.559028 0.059896 0.108796
0 0.582031 0.623843 0.059896 0.108796
0 0.031901 0.686343 0.061198 0.131944
0 0.448568 0.053241 0.055990 0.064815
