0 0.140625 0.611111 0.138021 0.194444
0 0.045573 0.234954 0.088542 0.206019
0 0.226562 0.423611 0.138021 0.194444
0 0.536458 0.111111 0.138021 0.194444
0 0.199219 0.098380 0.138021 0.192130
0 0.279948 0.891204 0.138021 0.194444
0 0.446615 0.798611 0.138021 0.194444
0 0.524740 0.659722 0.138021 0.194444
0 0.828125 0.474537 0.138021 0.194444
0 0.714844 0.502315 0.138021 0.194444
0 0.069010 0.891204 0.135417 0.194444
0 0.139974 0.483796 0.105469 0.125000
0 0.814453 0.930556 0.121094 0.125000
0 0.860677 0.789352 0.138021 0.194444
