0 0.360677 0.564815 0.070312 0.115741
0 0.432292 0.384259 0.070312 0.115741
0 0.766927 0.208333 0.070312 0.115741
0 0.371094 0.067130 0.070312 0.115741
0 0.457031 0.233796 0.070312 0.115741
0 0.230469 0.097222 0.070312 0.115741
0 0.524740 0.335648 0.070312 0.115741
0 0.608073 0.777778 0.070312 0.115741
0 0.453125 0.636574 0.070312 0.115741
0 0.261719 0.696759 0.070312 0.115741
0 0.244792 0.782407 0.070312 0.115741
0 0.035807 0.879630 0.066406 0.106481
0 0.115885 0.541667 0.070312 0.115741
0 0.084635 0.412037 0.070312 0.115741
0 0.794271 0.687500 0.070312 0.115741
0 0.682292 0.384259 0.070312 0.115741
0 0.688802 0.490741 0.070312 0.115741
0 0.035156 0.067130 0.067708 0.115741
0 0.164062 0.347222 0.070312 0.115741
0 0.221354 0.939815 0.070312 0.115741
0 0.308594 0.905093 0.070312 0.115741
0 0.602214 0.959491 0.076823 0.076389
0 0.761719 0.868056 0.070312 0.115741
0 0.670573 0.719907 0.070312 0.115741
0 0.861979 0.252315 0.070312 0.115741
0 0.910156 0.333333 0.070312 0.115741
0 0.929688 0.550926 0.070312 0.115741
0 0.663411 0.300926 0.053385 0.064815
0 0.322917 0.537037 0.070312 0.115741
0 0.874349 0.653935 0.055990 0.090278
0 0.841797 0.716435 0.055990 0.085648
0 0.957031 0.942130 0.070312 0.115741
