0 0.111979 0.417824 0.059896 0.090278
0 0.218750 0.834491 0.059896 0.090278
0 0.053385 0.880787 0.059896 0.090278
0 0.407552 0.598380 0.059896 0.090278
0 0.055990 0.070602 0.059896 0.090278
0 0.030599 0.311343 0.058594 0.090278
0 0.520833 0.230324 0.059896 0.090278
0 0.052083 0.575231 0.059896 0.090278
0 0.716146 0.244213 0.059896 0.090278
0 0.513021 0.320602 0.059896 0.090278
0 0.420573 0.077546 0.059896 0.090278
0 0.445312 0.392361 0.059896 0.090278
0 0.761719 0.190972 0.059896 0.090278
0 0.682292 0.487269 0.059896 0.090278
0 0.424479 0.193287 0.059896 0.090278
0 0.717448 0.401620 0.059896 0.090278
0 0.256510 0.107639 0.059896 0.090278
0 0.306641 0.643519 0.048177 0.064815
0 0.365885 0.721065 0.059896 0.090278
0 0.858724 0.619213 0.061198 0.113426
0 0.688802 0.586806 0.059896 0.090278
0 0.688802 0.739583 0.059896 0.090278
0 0.623698 0.954861 0.059896 0.090278
0 0.641276 0.773148 0.082031 0.111111
0 0.257812 0.579861 0.059896 0.090278
0 0.363281 0.885417 0.059896 0.090278
0 0.651042 0.292824 0.059896 0.090278
0 0.553385 0.070602 0.059896 0.090278
0 0.212240 0.167824 0.059896 0.090278
0 0.117188 0.538194 0.059896 0.090278
0 0.655599 0.900463 0.048177 0.064815
0 0.347005 0.231481 0.048177 0.064815
0 0.150391 0.393519 0.048177 0.064815
0 0.272135 0.682870 0.046875 0.055556
0 0.929688 0.954861 0.059896 0.090278
0 0.878906 0.892361 0.059896 0.090278
0 0.902344 0.656250 0.059896 0.090278
0 0.898438 0.723380 0.059896 0.090278
0 0.576823 0.341435 0.059896 0.090278
0 0.131510 0.799769 0.059896 0.090278
0 0.927083 0.336806 0.059896 0.090278
