0 0.224609 0.387731 0.152344 0.196759
0 0.208984 0.561343 0.152344 0.196759
0 0.330078 0.160880 0.152344 0.196759
0 0.177734 0.186343 0.152344 0.196759
0 0.151042 0.925926 0.161458 0.148148
0 0.121745 0.730324 0.152344 0.196759
0 0.574870 0.099537 0.152344 0.194444
0 0.479818 0.241898 0.152344 0.196759
0 0.492839 0.394676 0.152344 0.196759
0 0.839193 0.255787 0.152344 0.196759
0 0.787109 0.399306 0.152344 0.196759
0 0.815755 0.785880 0.152344 0.196759
0 0.746745 0.068287 0.136719 0.131944
0 0.901693 0.099537 0.152344 0.194444
