0 0.287109 0.327546 0.121094 0.182870
0 0.220052 0.089120 0.145833 0.173611
0 0.414062 0.346065 0.104167 0.192130
0 0.838542 0.089120 0.145833 0.173611
0 0.684245 0.892361 0.115885 0.182870
0 0.661458 0.128472 0.145833 0.178241
0 0.783854 0.832176 0.145833 0.178241
0 0.516927 0.324074 0.145833 0.175926
0 0.309896 0.806713 0.145833 0.178241
0 0.953776 0.239583 0.092448 0.210648
0 0.503255 0.502315 0.100260 0.162037
0 0.968099 0.071759 0.063802 0.138889
0 0.274740 0.950231 0.117188 0.099537
0 0.186198 0.871528 0.101562 0.150463
