0 0.154948 0.765046 0.122396 0.168981
0 0.382161 0.931713 0.128906 0.136574
0 0.255208 0.950231 0.119792 0.099537
0 0.124349 0.930556 0.108073 0.138889
0 0.463542 0.758102 0.122396 0.168981
0 0.048177 0.098380 0.093750 0.192130
0 0.457031 0.121528 0.122396 0.168981
0 0.270833 0.315972 0.122396 0.168981
0 0.425781 0.343750 0.122396 0.168981
0 0.048828 0.304398 0.095052 0.201389
0 0.671875 0.142361 0.122396 0.168981
0 0.938802 0.575231 0.122396 0.168981
0 0.634115 0.915509 0.122396 0.168981
0 0.841146 0.873843 0.122396 0.168981
0 0.606771 0.744213 0.122396 0.168981
0 0.616536 0.067130 0.118490 0.129630
