0 0.319010 0.663194 0.161458 0.182870
0 0.367839 0.361111 0.123698 0.175926
0 0.151042 0.223380 0.111979 0.168981
0 0.161458 0.082176 0.125000 0.131944
0 0.593099 0.442130 0.123698 0.175926
0 0.805339 0.780093 0.123698 0.175926
0 0.646484 0.800926 0.123698 0.175926
0 0.526693 0.844907 0.123698 0.175926
0 0.412109 0.787037 0.123698 0.175926
0 0.266276 0.817130 0.123698 0.175926
0 0.764323 0.053241 0.164062 0.101852
0 0.651693 0.280093 0.123698 0.175926
0 0.641276 0.611111 0.123698 0.175926
0 0.142578 0.912037 0.123698 0.175926
0 0.048828 0.388889 0.095052 0.236111
