6 0.344401 0.247685 0.360677 0.347222
6 0.233073 0.454861 0.221354 0.201389
6 0.190104 0.797454 0.338542 0.247685
6 0.320964 0.645833 0.199219 0.240741
6 0.108724 0.583333 0.207031 0.212963
6 0.615885 0.905093 0.270833 0.189815
6 0.417318 0.848380 0.131510 0.182870
6 0.459635 0.572917 0.148438 0.293981
6 0.575521 0.612269 0.114583 0.344907
6 0.672526 0.498843 0.121094 0.233796
6 0.770182 0.603009 0.097656 0.266204
6 0.893880 0.631944 0.212240 0.523148
6 0.738281 0.282407 0.151042 0.282407
6 0.626302 0.239583 0.114583 0.307870
6 0.708333 0.050926 0.322917 0.097222
6 0.943359 0.097222 0.113281 0.189815
6 0.920573 0.284722 0.135417 0.222222
