0 0.152344 0.317130 0.065104 0.097222
0 0.518229 0.164352 0.065104 0.097222
0 0.579427 0.356481 0.065104 0.097222
0 0.632812 0.231481 0.065104 0.097222
0 0.485677 0.395833 0.065104 0.097222
0 0.320312 0.571759 0.065104 0.097222
0 0.458333 0.870370 0.065104 0.097222
0 0.328776 0.032407 0.069010 0.060185
0 0.444010 0.187500 0.065104 0.097222
0 0.324219 0.884259 0.065104 0.097222
0 0.226562 0.923611 0.065104 0.097222
0 0.033203 0.791667 0.063802 0.097222
0 0.262370 0.684028 0.055990 0.071759
0 0.088542 0.682870 0.065104 0.097222
0 0.033203 0.671296 0.063802 0.097222
0 0.036458 0.289352 0.065104 0.097222
0 0.105469 0.076389 0.065104 0.097222
0 0.285156 0.173611 0.065104 0.097222
0 0.046875 0.425926 0.065104 0.097222
0 0.664714 0.149306 0.055990 0.071759
0 0.787109 0.299769 0.055990 0.071759
0 0.776042 0.664352 0.049479 0.069444
0 0.638021 0.434028 0.049479 0.071759
0 0.507161 0.491898 0.055990 0.071759
0 0.485026 0.957176 0.055990 0.071759
0 0.593099 0.869213 0.055990 0.071759
0 0.490234 0.649306 0.055990 0.071759
0 0.926432 0.037037 0.055990 0.069444
0 0.889974 0.089120 0.055990 0.071759
0 0.839193 0.086806 0.055990 0.071759
0 0.738932 0.158565 0.055990 0.071759
0 0.857422 0.438657 0.055990 0.071759
0 0.919922 0.403935 0.055990 0.071759
0 0.565755 0.156250 0.055990 0.071759
0 0.738932 0.037037 0.055990 0.069444
0 0.551432 0.089120 0.055990 0.071759
0 0.811849 0.538194 0.055990 0.071759
0 0.972005 0.957176 0.055990 0.085648
0 0.810547 0.954861 0.055990 0.071759
0 0.681641 0.711806 0.061198 0.094907
0 0.972005 0.417824 0.055990 0.071759
0 0.499349 0.593750 0.055990 0.071759
