0 0.119141 0.449074 0.074219 0.120370
0 0.050781 0.743056 0.085938 0.171296
0 0.304688 0.581019 0.072917 0.166667
0 0.351562 0.300926 0.062500 0.087963
0 0.074219 0.295139 0.052083 0.108796
0 0.227865 0.119213 0.057292 0.085648
0 0.360026 0.178241 0.055990 0.097222
0 0.319661 0.092593 0.063802 0.101852
0 0.154297 0.807870 0.074219 0.171296
0 0.190104 0.675926 0.059896 0.120370
0 0.561198 0.762731 0.088542 0.104167
0 0.578776 0.863426 0.074219 0.083333
0 0.038411 0.053241 0.053385 0.087963
0 0.173828 0.033565 0.055990 0.057870
0 0.558594 0.317130 0.054688 0.092593
0 0.876302 0.925926 0.054688 0.092593
0 0.798177 0.280093 0.054688 0.092593
0 0.473958 0.261574 0.054688 0.092593
0 0.427083 0.712963 0.054688 0.092593
0 0.545573 0.064815 0.054688 0.092593
0 0.493490 0.049769 0.057292 0.090278
0 0.221354 0.923611 0.054688 0.092593
0 0.940104 0.319444 0.054688 0.092593
0 0.765625 0.672454 0.065104 0.108796
0 0.427083 0.620370 0.054688 0.092593
0 0.716146 0.159722 0.054688 0.092593
0 0.614583 0.131944 0.054688 0.092593
0 0.462240 0.143519 0.054688 0.092593
0 0.611328 0.946759 0.074219 0.083333
0 0.813151 0.152778 0.074219 0.083333
0 0.799479 0.790509 0.070312 0.108796
0 0.313802 0.946759 0.054688 0.092593
0 0.599609 0.065972 0.029948 0.053241
0 0.742188 0.046296 0.054688 0.087963
0 0.651042 0.046296 0.054688 0.087963
