0 0.255208 0.598380 0.119792 0.182870
0 0.505208 0.864583 0.119792 0.182870
0 0.497396 0.702546 0.119792 0.182870
0 0.218750 0.450231 0.088542 0.127315
0 0.270833 0.255787 0.119792 0.182870
0 0.229167 0.119213 0.088542 0.141204
0 0.060547 0.135417 0.118490 0.182870
0 0.055990 0.327546 0.109375 0.182870
0 0.592448 0.180556 0.119792 0.152778
0 0.865885 0.458333 0.119792 0.152778
0 0.919271 0.381944 0.119792 0.152778
0 0.785156 0.217593 0.119792 0.152778
0 0.695312 0.081019 0.119792 0.152778
0 0.507812 0.076389 0.119792 0.148148
0 0.044271 0.616898 0.085938 0.192130
0 0.571615 0.319444 0.119792 0.152778
0 0.812500 0.655093 0.119792 0.152778
