0 0.154948 0.335648 0.070312 0.092593
0 0.070312 0.398148 0.054688 0.083333
0 0.367188 0.050926 0.054688 0.083333
0 0.027995 0.060185 0.053385 0.083333
0 0.248698 0.703704 0.054688 0.083333
0 0.257812 0.587963 0.054688 0.083333
0 0.270833 0.791667 0.054688 0.083333
0 0.561198 0.766204 0.075521 0.129630
0 0.098958 0.523148 0.054688 0.083333
0 0.225260 0.094907 0.054688 0.083333
0 0.785156 0.714120 0.059896 0.113426
0 0.656250 0.712963 0.054688 0.083333
0 0.924479 0.344907 0.054688 0.083333
0 0.694010 0.474537 0.054688 0.083333
0 0.769531 0.222222 0.054688 0.083333
0 0.660156 0.284722 0.054688 0.083333
0 0.678385 0.377315 0.054688 0.083333
0 0.528646 0.321759 0.054688 0.083333
0 0.419271 0.206019 0.054688 0.083333
0 0.427083 0.649306 0.059896 0.113426
0 0.211589 0.944444 0.061198 0.083333
0 0.300781 0.923611 0.057292 0.083333
0 0.587240 0.957176 0.065104 0.085648
0 0.751302 0.876157 0.059896 0.113426
0 0.141927 0.396991 0.052083 0.076389
0 0.230469 0.237269 0.059896 0.113426
0 0.902344 0.820602 0.059896 0.113426
0 0.923177 0.734954 0.059896 0.113426
0 0.369792 0.693287 0.059896 0.113426
0 0.410156 0.372685 0.054688 0.083333
0 0.311198 0.665509 0.059896 0.113426
