0 0.259766 0.394676 0.079427 0.118056
0 0.701172 0.262731 0.079427 0.118056
0 0.706380 0.179398 0.079427 0.118056
0 0.456380 0.077546 0.079427 0.118056
0 0.366536 0.214120 0.079427 0.118056
0 0.479818 0.230324 0.079427 0.118056
0 0.623047 0.406250 0.079427 0.118056
0 0.074870 0.538194 0.079427 0.118056
0 0.081380 0.718750 0.079427 0.118056
0 0.319661 0.790509 0.079427 0.118056
0 0.632161 0.623843 0.079427 0.118056
0 0.792318 0.403935 0.079427 0.118056
0 0.944661 0.454861 0.079427 0.118056
0 0.865234 0.228009 0.079427 0.118056
0 0.660807 0.065972 0.079427 0.118056
0 0.841797 0.859954 0.079427 0.118056
0 0.652995 0.855324 0.079427 0.118056
0 0.512370 0.853009 0.079427 0.118056
0 0.416016 0.501157 0.079427 0.118056
0 0.688151 0.924769 0.079427 0.118056
0 0.310547 0.959491 0.079427 0.081019
0 0.624349 0.751157 0.076823 0.081019
0 0.852865 0.483796 0.070312 0.115741
0 0.111979 0.896991 0.078125 0.085648
0 0.121745 0.966435 0.087240 0.067130
0 0.039062 0.414352 0.070312 0.115741
0 0.924479 0.314815 0.070312 0.115741
