0 0.056641 0.571759 0.110677 0.175926
0 0.139974 0.456019 0.113281 0.175926
0 0.472005 0.791667 0.113281 0.175926
0 0.484375 0.562500 0.111979 0.175926
0 0.221354 0.089120 0.111979 0.173611
0 0.056641 0.256944 0.110677 0.175926
0 0.277995 0.439815 0.113281 0.175926
0 0.037760 0.846065 0.072917 0.173611
0 0.880859 0.049769 0.102865 0.094907
0 0.490234 0.219907 0.113281 0.175926
0 0.880859 0.358796 0.113281 0.175926
0 0.722005 0.375000 0.113281 0.175926
0 0.766276 0.708333 0.113281 0.175926
0 0.445964 0.689815 0.076823 0.125000
