0 0.332031 0.298611 0.138021 0.222222
0 0.783854 0.112269 0.138021 0.219907
0 0.859375 0.157407 0.138021 0.222222
0 0.640625 0.861111 0.138021 0.222222
0 0.723958 0.756944 0.138021 0.222222
0 0.852865 0.685185 0.138021 0.222222
0 0.365885 0.888889 0.138021 0.222222
0 0.421875 0.793981 0.138021 0.222222
0 0.423177 0.520833 0.138021 0.222222
0 0.166667 0.756944 0.138021 0.222222
0 0.117188 0.523148 0.138021 0.222222
0 0.882812 0.467593 0.138021 0.222222
0 0.964844 0.155093 0.070312 0.194444
0 0.256510 0.231481 0.088542 0.152778
0 0.069010 0.112269 0.135417 0.219907
