0 0.368490 0.508102 0.101562 0.131944
0 0.279948 0.079861 0.101562 0.131944
0 0.169271 0.390046 0.101562 0.131944
0 0.151042 0.184028 0.101562 0.131944
0 0.464844 0.195602 0.101562 0.131944
0 0.651042 0.269676 0.101562 0.131944
0 0.597656 0.565972 0.101562 0.131944
0 0.417969 0.732639 0.101562 0.131944
0 0.130208 0.645833 0.088542 0.120370
0 0.571615 0.817130 0.075521 0.148148
0 0.850911 0.944444 0.092448 0.111111
0 0.305990 0.293981 0.075521 0.148148
0 0.110677 0.835648 0.075521 0.148148
0 0.557292 0.957176 0.078125 0.085648
0 0.664062 0.381944 0.075521 0.148148
0 0.899740 0.349537 0.075521 0.148148
0 0.751953 0.931713 0.076823 0.136574
0 0.839844 0.356481 0.075521 0.148148
0 0.620443 0.826389 0.066406 0.125000
0 0.554688 0.049769 0.067708 0.085648
