11 0.431250 0.252344 0.356250 0.214062
11 0.421094 0.638281 0.339062 0.282813
11 0.141406 0.592187 0.173437 0.412500
11 0.082031 0.194531 0.139063 0.207813
11 0.225781 0.360156 0.170313 0.170313
11 0.047656 0.577344 0.089063 0.214062
11 0.079687 0.772656 0.143750 0.189062
11 0.304688 0.879687 0.287500 0.181250
11 0.461719 0.792969 0.151562 0.198437
11 0.664062 0.121875 0.115625 0.200000
11 0.753906 0.060937 0.126562 0.109375
11 0.624219 0.527344 0.257812 0.285938
11 0.468750 0.417187 0.190625 0.156250
11 0.828125 0.463281 0.290625 0.370312
11 0.875000 0.628125 0.137500 0.228125
11 0.649219 0.877344 0.176563 0.157812
11 0.818750 0.875781 0.165625 0.151562
