0 0.260417 0.363426 0.145833 0.175926
0 0.707031 0.446759 0.093750 0.138889
0 0.955729 0.561343 0.088542 0.155093
0 0.891927 0.891204 0.145833 0.175926
0 0.451823 0.104167 0.145833 0.175926
0 0.628906 0.303241 0.145833 0.175926
0 0.768229 0.331019 0.145833 0.175926
0 0.608073 0.659722 0.145833 0.175926
0 0.188802 0.089120 0.145833 0.173611
0 0.479167 0.824074 0.145833 0.175926
0 0.186198 0.541667 0.145833 0.175926
0 0.729818 0.559028 0.076823 0.099537
0 0.687500 0.089120 0.145833 0.173611
0 0.898438 0.731481 0.114583 0.143519
0 0.322917 0.912037 0.145833 0.175926
0 0.093750 0.384259 0.145833 0.175926
