0 0.055339 0.881944 0.108073 0.171296
0 0.653646 0.086806 0.109375 0.168981
0 0.944661 0.747685 0.110677 0.171296
0 0.908854 0.518519 0.109375 0.171296
0 0.869792 0.782407 0.109375 0.171296
0 0.760417 0.613426 0.109375 0.171296
0 0.760417 0.754630 0.109375 0.171296
0 0.537760 0.900463 0.109375 0.171296
0 0.617188 0.793981 0.109375 0.171296
0 0.062500 0.086806 0.109375 0.168981
0 0.158854 0.086806 0.109375 0.168981
0 0.394531 0.886574 0.109375 0.171296
0 0.091146 0.388889 0.109375 0.171296
0 0.214844 0.567130 0.109375 0.171296
