0 0.063802 0.402778 0.072917 0.120370
0 0.348958 0.423611 0.072917 0.120370
0 0.430990 0.574074 0.072917 0.120370
0 0.085938 0.696759 0.072917 0.120370
0 0.166667 0.527778 0.072917 0.120370
0 0.281250 0.689815 0.072917 0.120370
0 0.104167 0.525463 0.065104 0.120370
0 0.442708 0.060185 0.072917 0.115741
0 0.260417 0.037037 0.072917 0.069444
0 0.317708 0.194444 0.072917 0.120370
0 0.140625 0.120370 0.072917 0.120370
0 0.742188 0.703704 0.072917 0.120370
0 0.674479 0.289352 0.072917 0.120370
0 0.540365 0.092593 0.072917 0.120370
0 0.520833 0.914352 0.072917 0.120370
0 0.398438 0.773148 0.072917 0.120370
0 0.210938 0.435185 0.072917 0.120370
0 0.614583 0.881944 0.072917 0.120370
0 0.832031 0.800926 0.072917 0.120370
0 0.899740 0.060185 0.072917 0.115741
0 0.778646 0.180556 0.072917 0.120370
0 0.891276 0.439815 0.055990 0.092593
0 0.611328 0.456019 0.055990 0.092593
0 0.914714 0.756944 0.055990 0.092593
0 0.628255 0.659722 0.055990 0.092593
0 0.972005 0.236111 0.055990 0.092593
0 0.957682 0.953704 0.055990 0.092593
0 0.050130 0.287037 0.055990 0.092593
0 0.409505 0.460648 0.055990 0.092593
0 0.336589 0.643519 0.055990 0.092593
