0 0.154297 0.313657 0.082031 0.104167
0 0.413411 0.612269 0.082031 0.104167
0 0.047526 0.658565 0.082031 0.104167
0 0.332682 0.751157 0.082031 0.104167
0 0.309245 0.559028 0.082031 0.104167
0 0.241536 0.366898 0.082031 0.104167
0 0.288411 0.158565 0.082031 0.104167
0 0.755859 0.538194 0.082031 0.104167
0 0.529297 0.031250 0.061198 0.057870
0 0.775391 0.143519 0.089844 0.115741
0 0.719401 0.336806 0.082031 0.104167
0 0.586589 0.744213 0.082031 0.104167
0 0.490234 0.248843 0.082031 0.104167
0 0.564453 0.947917 0.082031 0.104167
0 0.539714 0.524306 0.082031 0.104167
0 0.666016 0.454861 0.082031 0.104167
0 0.953776 0.466435 0.082031 0.104167
0 0.866536 0.600694 0.082031 0.104167
0 0.958984 0.734954 0.082031 0.104167
0 0.973958 0.245370 0.052083 0.125000
0 0.027995 0.762731 0.053385 0.094907
0 0.275391 0.947917 0.082031 0.104167
0 0.379557 0.876157 0.082031 0.104167
0 0.414714 0.778935 0.082031 0.104167
