0 0.206380 0.672454 0.123698 0.201389
0 0.054036 0.600694 0.105469 0.210648
0 0.193359 0.391204 0.128906 0.212963
0 0.847005 0.583333 0.123698 0.203704
0 0.847005 0.820602 0.123698 0.201389
0 0.201172 0.934028 0.157552 0.131944
0 0.633464 0.898148 0.123698 0.203704
0 0.659505 0.293981 0.123698 0.203704
0 0.344401 0.068287 0.154948 0.131944
0 0.798828 0.101852 0.123698 0.199074
0 0.938151 0.425926 0.123698 0.203704
0 0.964193 0.200231 0.071615 0.187500
0 0.043620 0.172454 0.084635 0.210648
0 0.863932 0.195602 0.097656 0.155093
