0 0.045573 0.538194 0.088542 0.182870
0 0.595703 0.684028 0.089844 0.182870
0 0.100260 0.931713 0.119792 0.113426
0 0.093750 0.770833 0.109375 0.171296
0 0.251953 0.052083 0.110677 0.099537
0 0.292318 0.236111 0.079427 0.129630
0 0.156901 0.140046 0.089844 0.182870
0 0.313151 0.554398 0.089844 0.182870
0 0.872396 0.942130 0.101562 0.115741
0 0.772135 0.920139 0.091146 0.159722
0 0.839193 0.746528 0.089844 0.182870
0 0.677083 0.922454 0.096354 0.155093
0 0.948568 0.872685 0.102865 0.115741
0 0.785807 0.486111 0.128906 0.185185
0 0.934896 0.437500 0.130208 0.185185
0 0.320964 0.383102 0.121094 0.150463
