0 0.253906 0.464120 0.138021 0.187500
0 0.813151 0.755787 0.115885 0.168981
0 0.625651 0.096065 0.139323 0.141204
0 0.624349 0.229167 0.136719 0.166667
0 0.107422 0.065972 0.144531 0.127315
0 0.139323 0.188657 0.138021 0.187500
0 0.388021 0.454861 0.138021 0.187500
0 0.658854 0.642361 0.138021 0.187500
0 0.537760 0.674769 0.138021 0.187500
0 0.348958 0.734954 0.138021 0.187500
0 0.619792 0.459491 0.138021 0.187500
0 0.959635 0.201389 0.080729 0.175926
0 0.777344 0.935185 0.091146 0.129630
0 0.491536 0.171296 0.115885 0.175926
