0 0.287109 0.145833 0.204427 0.208333
0 0.496745 0.256944 0.214844 0.212963
0 0.139323 0.178241 0.114583 0.208333
0 0.221354 0.372685 0.210938 0.203704
0 0.437500 0.481481 0.231771 0.259259
0 0.206380 0.578704 0.204427 0.240741
0 0.719401 0.493056 0.178385 0.222222
0 0.687500 0.150463 0.145833 0.282407
0 0.786458 0.107639 0.117188 0.192130
0 0.169922 0.788194 0.209635 0.182870
0 0.193359 0.942130 0.313802 0.115741
0 0.839193 0.743056 0.152344 0.250000
0 0.483724 0.946759 0.201823 0.106481
0 0.963542 0.766204 0.072917 0.189815
0 0.914714 0.166667 0.131510 0.240741
0 0.871094 0.362269 0.171875 0.201389
