0 0.166667 0.388889 0.078125 0.101852
0 0.182292 0.650463 0.078125 0.101852
0 0.304688 0.178241 0.078125 0.101852
0 0.105469 0.312500 0.078125 0.101852
0 0.079427 0.821759 0.078125 0.101852
0 0.268229 0.571759 0.078125 0.101852
0 0.643229 0.675926 0.078125 0.101852
0 0.576823 0.180556 0.078125 0.101852
0 0.446615 0.250000 0.078125 0.101852
0 0.490885 0.453704 0.078125 0.101852
0 0.911458 0.180556 0.078125 0.101852
0 0.802083 0.219907 0.078125 0.101852
0 0.726562 0.502315 0.078125 0.101852
0 0.488281 0.847222 0.078125 0.101852
0 0.877604 0.289352 0.078125 0.101852
0 0.895833 0.722222 0.078125 0.101852
0 0.811198 0.052083 0.078125 0.099537
0 0.141927 0.057870 0.078125 0.101852
