0 0.085938 0.684028 0.106771 0.182870
0 0.766927 0.716435 0.106771 0.182870
0 0.062500 0.517361 0.106771 0.182870
0 0.559896 0.815972 0.106771 0.182870
0 0.675781 0.820602 0.106771 0.182870
0 0.302083 0.857639 0.106771 0.182870
0 0.337240 0.325231 0.106771 0.182870
0 0.445312 0.429398 0.106771 0.182870
0 0.326823 0.660880 0.106771 0.182870
0 0.261719 0.092593 0.106771 0.180556
0 0.946615 0.239583 0.106771 0.182870
0 0.701823 0.092593 0.106771 0.180556
0 0.550781 0.401620 0.106771 0.182870
0 0.425781 0.553241 0.091146 0.111111
0 0.497396 0.949074 0.083333 0.101852
