0 0.302083 0.344907 0.052083 0.101852
0 0.697917 0.636574 0.052083 0.101852
0 0.600911 0.658565 0.058594 0.094907
0 0.668620 0.824074 0.063802 0.115741
0 0.820312 0.216435 0.059896 0.076389
0 0.815104 0.370370 0.052083 0.101852
0 0.444010 0.289352 0.052083 0.101852
0 0.867188 0.062500 0.067708 0.087963
0 0.766276 0.269676 0.066406 0.099537
0 0.601562 0.358796 0.052083 0.101852
0 0.256510 0.856481 0.052083 0.101852
0 0.317708 0.775463 0.052083 0.101852
0 0.117188 0.474537 0.052083 0.101852
0 0.274740 0.071759 0.052083 0.101852
0 0.555990 0.120370 0.052083 0.101852
0 0.233073 0.520833 0.052083 0.101852
0 0.341146 0.069444 0.052083 0.101852
0 0.411458 0.453704 0.052083 0.101852
0 0.261719 0.175926 0.052083 0.101852
0 0.062500 0.722222 0.052083 0.101852
0 0.203125 0.418981 0.052083 0.101852
0 0.218750 0.692130 0.052083 0.101852
0 0.908203 0.952546 0.058594 0.094907
0 0.811849 0.758102 0.058594 0.094907
0 0.662109 0.350694 0.058594 0.094907
0 0.727214 0.084491 0.058594 0.094907
0 0.923828 0.445602 0.058594 0.094907
0 0.539714 0.952546 0.058594 0.094907
0 0.333984 0.621528 0.058594 0.071759
0 0.063802 0.298611 0.052083 0.101852
