0 0.135417 0.611111 0.119792 0.185185
0 0.536458 0.673611 0.119792 0.185185
0 0.042969 0.892361 0.083333 0.187500
0 0.274740 0.891204 0.119792 0.185185
0 0.428385 0.800926 0.119792 0.185185
0 0.218750 0.437500 0.119792 0.185185
0 0.042969 0.233796 0.083333 0.180556
0 0.861979 0.793981 0.119792 0.185185
0 0.720052 0.488426 0.119792 0.185185
0 0.208984 0.083333 0.152344 0.162037
0 0.140625 0.497685 0.091146 0.115741
0 0.544271 0.106481 0.119792 0.185185
0 0.843750 0.938657 0.122396 0.122685
0 0.832031 0.453704 0.119792 0.185185
0 0.388021 0.951389 0.111979 0.097222
