0 0.072917 0.395833 0.041667 0.069444
0 0.572917 0.893519 0.041667 0.069444
0 0.355469 0.627315 0.041667 0.069444
0 0.471354 0.824074 0.041667 0.069444
0 0.111979 0.354167 0.041667 0.069444
0 0.029297 0.409722 0.053385 0.055556
0 0.054688 0.733796 0.041667 0.069444
0 0.486979 0.722222 0.041667 0.069444
0 0.480469 0.090278 0.041667 0.069444
0 0.032552 0.488426 0.041667 0.069444
0 0.170573 0.483796 0.041667 0.069444
0 0.022135 0.673611 0.041667 0.069444
0 0.247396 0.118056 0.049479 0.074074
0 0.243490 0.662037 0.041667 0.069444
0 0.548177 0.858796 0.041667 0.069444
0 0.670573 0.842593 0.041667 0.069444
0 0.398438 0.143519 0.078125 0.115741
0 0.593750 0.152778 0.078125 0.115741
0 0.184896 0.231481 0.078125 0.115741
0 0.412760 0.317130 0.078125 0.115741
0 0.548177 0.326389 0.078125 0.115741
0 0.897135 0.252315 0.078125 0.115741
0 0.886068 0.615741 0.087240 0.125000
0 0.898438 0.781250 0.052083 0.094907
0 0.847656 0.789352 0.054688 0.074074
0 0.416667 0.641204 0.065104 0.106481
0 0.736979 0.136574 0.072917 0.106481
0 0.559245 0.744213 0.045573 0.081019
0 0.961589 0.032407 0.076823 0.060185
0 0.827474 0.121528 0.045573 0.081019
0 0.710286 0.041667 0.045573 0.078704
0 0.639323 0.368056 0.052083 0.092593
0 0.434896 0.564815 0.052083 0.092593
0 0.260417 0.879630 0.052083 0.092593
0 0.915365 0.437500 0.052083 0.092593
0 0.782552 0.518519 0.052083 0.092593
