0 0.057943 0.429398 0.113281 0.192130
0 0.659505 0.746528 0.113281 0.192130
0 0.742839 0.436343 0.118490 0.206019
0 0.149740 0.937500 0.117188 0.125000
0 0.325521 0.113426 0.106771 0.194444
0 0.327474 0.283565 0.113281 0.192130
0 0.305339 0.436343 0.113281 0.192130
0 0.382161 0.609954 0.113281 0.192130
0 0.860677 0.922454 0.114583 0.155093
0 0.815755 0.714120 0.113281 0.192130
0 0.673828 0.920139 0.123698 0.159722
0 0.043620 0.822917 0.084635 0.196759
0 0.251302 0.108796 0.072917 0.120370
0 0.973307 0.495370 0.053385 0.171296
