0 0.624349 0.347222 0.207031 0.138889
0 0.434896 0.248843 0.247396 0.141204
0 0.310547 0.103009 0.183594 0.155093
0 0.088542 0.246528 0.171875 0.178241
0 0.288411 0.589120 0.154948 0.229167
0 0.102214 0.530093 0.194010 0.152778
0 0.843099 0.444444 0.118490 0.208333
0 0.514323 0.743056 0.270833 0.208333
0 0.430339 0.890046 0.082031 0.131944
0 0.065104 0.774306 0.091146 0.113426
0 0.695312 0.194444 0.184896 0.125000
0 0.779948 0.233796 0.052083 0.129630
0 0.889974 0.702546 0.144531 0.155093
0 0.753906 0.667824 0.078125 0.182870
0 0.595703 0.497685 0.141927 0.111111
0 0.608724 0.618056 0.209635 0.115741
0 0.697266 0.859954 0.076823 0.210648
0 0.958984 0.924769 0.082031 0.118056
