0 0.122396 0.422454 0.078125 0.113426
0 0.631510 0.924769 0.078125 0.113426
0 0.712240 0.744213 0.078125 0.113426
0 0.635417 0.538194 0.078125 0.113426
0 0.657552 0.452546 0.078125 0.113426
0 0.687500 0.600694 0.078125 0.113426
0 0.569010 0.223380 0.078125 0.113426
0 0.742188 0.179398 0.078125 0.113426
0 0.730469 0.401620 0.078125 0.113426
0 0.791667 0.892361 0.078125 0.113426
0 0.949219 0.679398 0.078125 0.113426
0 0.917969 0.614583 0.078125 0.113426
0 0.859375 0.605324 0.078125 0.113426
0 0.882812 0.503472 0.078125 0.113426
0 0.960938 0.554398 0.078125 0.113426
0 0.930990 0.218750 0.078125 0.113426
0 0.376302 0.869213 0.078125 0.113426
0 0.330078 0.929398 0.076823 0.071759
0 0.924479 0.943287 0.078125 0.113426
0 0.516927 0.135417 0.078125 0.113426
0 0.420573 0.195602 0.078125 0.113426
0 0.458333 0.420139 0.078125 0.113426
0 0.605469 0.783565 0.078125 0.113426
0 0.256510 0.103009 0.078125 0.113426
0 0.317708 0.390046 0.078125 0.113426
0 0.229167 0.841435 0.078125 0.113426
0 0.055990 0.658565 0.078125 0.113426
0 0.115885 0.598380 0.078125 0.113426
0 0.311198 0.644676 0.078125 0.113426
0 0.039714 0.304398 0.076823 0.113426
