0 0.158203 0.392361 0.087240 0.131944
0 0.956380 0.809028 0.087240 0.131944
0 0.641276 0.640046 0.087240 0.131944
0 0.809245 0.859954 0.087240 0.131944
0 0.599609 0.876157 0.087240 0.131944
0 0.482422 0.734954 0.087240 0.131944
0 0.466797 0.829861 0.087240 0.131944
0 0.330078 0.623843 0.087240 0.131944
0 0.129557 0.681713 0.087240 0.131944
0 0.254557 0.528935 0.087240 0.131944
0 0.419922 0.605324 0.087240 0.131944
0 0.462891 0.540509 0.087240 0.131944
0 0.484375 0.048611 0.070312 0.092593
0 0.539062 0.079861 0.075521 0.099537
0 0.789714 0.606481 0.082031 0.083333
0 0.375651 0.214120 0.087240 0.131944
0 0.212891 0.216435 0.087240 0.131944
0 0.956380 0.207176 0.087240 0.131944
0 0.866536 0.276620 0.087240 0.131944
0 0.912109 0.434028 0.087240 0.131944
0 0.873047 0.505787 0.087240 0.131944
0 0.703776 0.041667 0.069010 0.078704
0 0.590495 0.457176 0.087240 0.131944
0 0.578776 0.559028 0.087240 0.131944
0 0.244141 0.755787 0.087240 0.131944
0 0.749349 0.107639 0.087240 0.131944
0 0.244141 0.408565 0.087240 0.131944
