0 0.137370 0.188657 0.113281 0.201389
0 0.125651 0.771991 0.113281 0.201389
0 0.167318 0.547454 0.113281 0.201389
0 0.378255 0.457176 0.113281 0.201389
0 0.181641 0.355324 0.113281 0.201389
0 0.436849 0.251157 0.113281 0.201389
0 0.232422 0.146991 0.113281 0.201389
0 0.452474 0.953704 0.152344 0.092593
0 0.815755 0.723380 0.113281 0.201389
0 0.103516 0.944444 0.108073 0.111111
0 0.706380 0.181713 0.113281 0.201389
0 0.965495 0.777778 0.066406 0.162037
0 0.800130 0.112269 0.113281 0.201389
0 0.904297 0.218750 0.113281 0.201389
0 0.836589 0.376157 0.113281 0.201389
0 0.688151 0.501157 0.113281 0.201389
